1.761230 1.705566 3.659180 5.997070 8.036621 4.027832 11.172852 1.909180 2.947754 2.038574 5.259277 6.672363 8.883301 2.517090 4.697754 3.925293 
2.672852 0.737305 3.195313 5.921875 6.940430 7.250977 4.201172 -0.833984 4.168945 -0.540039 4.458008 6.163086 6.834961 10.473633 6.692383 6.866211 
6.393066 -0.836426 0.137695 1.377930 3.215332 8.274902 5.065430 6.274414 3.327637 0.225098 0.297363 1.919434 6.919434 8.359863 9.397949 9.221191 
2.113281 5.589844 5.080078 4.833984 5.490234 7.298828 3.929688 8.382813 0.486328 5.990234 4.136719 5.675781 5.003906 4.246094 7.103516 9.576172 
10.769043 6.416504 5.107422 1.841797 3.605957 4.274902 5.000977 8.409180 9.116699 6.311035 7.005371 3.262207 2.730957 2.411621 4.737793 6.709473 
3.424805 7.243164 5.134766 -1.150391 1.721680 1.250977 -0.927734 5.435547 7.747070 9.631836 5.874023 0.848633 0.458008 4.577148 -0.627930 3.842773 
2.893066 5.257324 5.103516 4.306641 2.423340 3.703613 8.475586 -1.323242 3.791504 6.257324 5.031738 4.364746 1.528809 4.773926 6.818848 -0.773926 
2.361328 3.271484 5.072266 7.763672 3.125000 6.156250 3.878906 2.917969 -0.164063 3.882813 4.189453 7.880859 1.599609 4.970703 4.265625 4.609375 
2.633301 2.571777 5.016602 6.217773 8.408691 1.589355 4.483398 3.778320 6.509277 2.676270 4.869629 6.401855 6.819824 1.373535 5.216309 3.223145 
4.905273 1.872070 4.960938 8.671875 3.692383 7.022461 8.087891 5.638672 7.182617 1.469727 3.549805 4.922852 5.040039 7.776367 6.166992 1.836914 
3.009277 -0.425293 1.647461 1.415039 4.683105 5.576660 7.559570 8.444336 3.230957 -0.830566 0.815918 0.920410 6.096191 8.780762 5.578613 5.927246 
-0.886719 5.277344 6.333984 6.158203 3.673828 4.130859 7.031250 9.250000 3.279297 4.869141 4.082031 4.917969 5.152344 7.785156 2.990234 8.017578 
7.680176 7.587402 6.482422 0.740234 2.245605 3.873535 5.827148 8.356445 10.223145 7.489746 6.053223 2.476074 3.003418 5.760254 5.035645 6.454590 
6.247070 9.897461 6.630859 -0.677734 0.817383 3.616211 6.623047 7.462891 7.166992 10.110352 6.024414 0.034180 0.854492 3.735352 -0.918945 4.891602 
3.548340 6.285645 5.376953 2.697266 3.975098 7.210449 11.383789 1.057617 4.446777 5.863770 5.042480 3.607910 0.893066 4.147949 9.892090 2.937988 
0.849609 2.673828 4.123047 5.072266 7.132813 5.804688 6.144531 4.652344 1.726563 1.617188 6.060547 7.181641 0.931641 4.560547 2.703125 0.984375 
