0.117360 0.128694 0.139284 0.149130 0.158233 0.166593 0.174209 0.181082 0.187212 0.192598 0.197240 0.201140 0.204295 0.206708 0.208377 0.209303 0.209354 0.208530 0.206833 0.204261 0.200814 0.196493 0.191297 0.185227 0.178771 0.171928 0.164700 0.157085 0.149084 0.140697 0.131923 0.122764 0.113951 0.105485 0.097366 0.089594 0.082169 0.075091 0.068359 0.061974 0.055937 0.050246 0.044902 0.039905 0.035254 0.030951 0.026994 0.023385 0.020802 0.019246 0.018717 0.019215 0.020739 0.023291 0.026869 0.031475 0.037107 0.043766 0.051451 0.060164 0.069904 0.080670 0.092463 0.105284 
0.105898 0.116095 0.125593 0.134392 0.142493 0.149894 0.156597 0.162601 0.167906 0.172512 0.176420 0.179628 0.182138 0.183949 0.185061 0.185475 0.184916 0.183386 0.180885 0.177412 0.172967 0.167551 0.161163 0.153804 0.146449 0.139100 0.131755 0.124415 0.117081 0.109751 0.102426 0.095107 0.088073 0.081327 0.074867 0.068693 0.062806 0.057206 0.051892 0.046864 0.042124 0.037669 0.033502 0.029620 0.026026 0.022718 0.019696 0.016961 0.015122 0.014178 0.014130 0.014978 0.016721 0.019359 0.022893 0.027323 0.032649 0.038870 0.045986 0.053998 0.062906 0.072709 0.083408 0.095003 
0.094436 0.103496 0.111903 0.119654 0.126752 0.133195 0.138985 0.144120 0.148600 0.152427 0.155599 0.158117 0.159981 0.161190 0.161745 0.161647 0.160479 0.158242 0.154937 0.150563 0.145121 0.138609 0.131029 0.122380 0.114128 0.106271 0.098811 0.091746 0.085078 0.078806 0.072930 0.067450 0.062196 0.057168 0.052367 0.047792 0.043443 0.039321 0.035424 0.031754 0.028310 0.025093 0.022101 0.019336 0.016797 0.014485 0.012398 0.010538 0.009442 0.009111 0.009543 0.010741 0.012702 0.015428 0.018918 0.023172 0.028191 0.033973 0.040521 0.047832 0.055908 0.064748 0.074353 0.084722 
0.082974 0.090898 0.098212 0.104917 0.111011 0.116497 0.121372 0.125638 0.129295 0.132341 0.134778 0.136606 0.137823 0.138431 0.138430 0.137818 0.136041 0.133098 0.128990 0.123715 0.117274 0.109668 0.100895 0.090957 0.081806 0.073443 0.065866 0.059077 0.053075 0.047860 0.043433 0.039792 0.036318 0.033010 0.029867 0.026891 0.024080 0.021436 0.018957 0.016644 0.014497 0.012516 0.010701 0.009052 0.007569 0.006252 0.005100 0.004115 0.003762 0.004043 0.004957 0.006503 0.008683 0.011496 0.014942 0.019021 0.023732 0.029077 0.035055 0.041666 0.048910 0.056787 0.065297 0.074441 
0.071512 0.078299 0.084522 0.090179 0.095271 0.099798 0.103760 0.107157 0.109989 0.112256 0.113957 0.115094 0.115666 0.115672 0.115114 0.113990 0.111604 0.107954 0.103042 0.096866 0.089428 0.080726 0.070762 0.059534 0.049485 0.040614 0.032922 0.026408 0.021072 0.016915 0.013936 0.012135 0.010441 0.008851 0.007368 0.005990 0.004717 0.003551 0.002490 0.001534 0.000684 -0.000060 -0.000699 -0.001232 -0.001660 -0.001982 -0.002198 -0.002309 -0.001917 -0.001025 0.000370 0.002266 0.004664 0.007564 0.010966 0.014869 0.019274 0.024181 0.029590 0.035500 0.041913 0.048826 0.056242 0.064160 
0.060050 0.065701 0.070831 0.075441 0.079530 0.083099 0.086148 0.088676 0.090683 0.092170 0.093137 0.093583 0.093508 0.092914 0.091798 0.090162 0.087166 0.082810 0.077094 0.070018 0.061581 0.051784 0.040628 0.028111 0.017163 0.007785 -0.000023 -0.006262 -0.010931 -0.014031 -0.015561 -0.015522 -0.015437 -0.015307 -0.015132 -0.014911 -0.014645 -0.014334 -0.013978 -0.013576 -0.013129 -0.012637 -0.012099 -0.011516 -0.010888 -0.010215 -0.009496 -0.008732 -0.007597 -0.006092 -0.004217 -0.001971 0.000646 0.003633 0.006990 0.010718 0.014816 0.019285 0.024125 0.029334 0.034915 0.040866 0.047187 0.053879 
0.048588 0.053102 0.057141 0.060703 0.063790 0.066400 0.068535 0.070194 0.071377 0.072085 0.072316 0.072071 0.071351 0.070155 0.068482 0.066334 0.062729 0.057666 0.051146 0.043169 0.033735 0.022843 0.010494 -0.003313 -0.015158 -0.025043 -0.032968 -0.038931 -0.042934 -0.044976 -0.045058 -0.043179 -0.041315 -0.039465 -0.037631 -0.035812 -0.034008 -0.032219 -0.030445 -0.028686 -0.026942 -0.025213 -0.023499 -0.021801 -0.020117 -0.018448 -0.016794 -0.015155 -0.013277 -0.011160 -0.008804 -0.006208 -0.003373 -0.000299 0.003014 0.006567 0.010358 0.014389 0.018659 0.023168 0.027917 0.032905 0.038131 0.043598 
0.037126 0.040503 0.043450 0.045965 0.048049 0.049702 0.050923 0.051713 0.052072 0.051999 0.051495 0.050560 0.049194 0.047396 0.045167 0.042506 0.038292 0.032522 0.025199 0.016321 0.005888 -0.006099 -0.019640 -0.034736 -0.047480 -0.057872 -0.065912 -0.071600 -0.074937 -0.075922 -0.074555 -0.070836 -0.067192 -0.063624 -0.060131 -0.056713 -0.053371 -0.050104 -0.046913 -0.043796 -0.040755 -0.037790 -0.034900 -0.032085 -0.029345 -0.026681 -0.024092 -0.021579 -0.018957 -0.016228 -0.013390 -0.010445 -0.007392 -0.004231 -0.000962 0.002415 0.005900 0.009493 0.013194 0.017002 0.020919 0.024944 0.029076 0.033317 
0.025664 0.027905 0.029759 0.031227 0.032309 0.033003 0.033311 0.033232 0.032766 0.031914 0.030675 0.029049 0.027036 0.024637 0.021851 0.018678 0.013854 0.007378 -0.000749 -0.010528 -0.021958 -0.035040 -0.049774 -0.066159 -0.079801 -0.090700 -0.098857 -0.104270 -0.106940 -0.106867 -0.104051 -0.098493 -0.093070 -0.087782 -0.082631 -0.077614 -0.072734 -0.067989 -0.063380 -0.058907 -0.054569 -0.050366 -0.046300 -0.042369 -0.038574 -0.034914 -0.031390 -0.028002 -0.024637 -0.021295 -0.017977 -0.014682 -0.011411 -0.008162 -0.004938 -0.001736 0.001442 0.004597 0.007728 0.010837 0.013921 0.016983 0.020021 0.023036 
0.014201 0.015306 0.016069 0.016490 0.016568 0.016304 0.015698 0.014750 0.013460 0.011828 0.009854 0.007537 0.004879 0.001878 -0.001465 -0.005150 -0.010583 -0.017766 -0.026697 -0.037377 -0.049805 -0.063982 -0.079908 -0.097582 -0.112123 -0.123529 -0.131801 -0.136939 -0.138943 -0.137813 -0.133548 -0.126150 -0.118947 -0.111941 -0.105130 -0.098515 -0.092097 -0.085874 -0.079847 -0.074017 -0.068382 -0.062943 -0.057700 -0.052653 -0.047802 -0.043147 -0.038688 -0.034425 -0.030317 -0.026363 -0.022564 -0.018919 -0.015429 -0.012094 -0.008913 -0.005887 -0.003016 -0.000299 0.002263 0.004671 0.006924 0.009022 0.010966 0.012755 
0.002739 0.002708 0.002378 0.001752 0.000827 -0.000395 -0.001914 -0.003731 -0.005845 -0.008257 -0.010967 -0.013974 -0.017279 -0.020881 -0.024781 -0.028978 -0.035021 -0.042910 -0.052645 -0.064225 -0.077651 -0.092924 -0.110042 -0.129006 -0.144444 -0.156358 -0.164746 -0.169608 -0.170946 -0.168758 -0.163045 -0.153807 -0.144825 -0.136099 -0.127630 -0.119417 -0.111460 -0.103759 -0.096315 -0.089127 -0.082195 -0.075520 -0.069100 -0.062937 -0.057031 -0.051380 -0.045986 -0.040849 -0.035997 -0.031431 -0.027151 -0.023156 -0.019448 -0.016026 -0.012889 -0.010039 -0.007474 -0.005195 -0.003202 -0.001495 -0.000074 0.001061 0.001910 0.002474 
-0.008723 -0.009891 -0.011312 -0.012986 -0.014913 -0.017093 -0.019526 -0.022212 -0.025151 -0.028343 -0.031788 -0.035485 -0.039436 -0.043640 -0.048096 -0.052806 -0.059458 -0.068054 -0.078592 -0.091074 -0.105498 -0.121865 -0.140176 -0.160429 -0.176766 -0.189186 -0.197690 -0.202278 -0.202949 -0.199704 -0.192542 -0.181464 -0.170702 -0.160258 -0.150129 -0.140318 -0.130823 -0.121644 -0.112782 -0.104237 -0.096008 -0.088096 -0.080501 -0.073222 -0.066259 -0.059614 -0.053284 -0.047272 -0.041677 -0.036498 -0.031737 -0.027394 -0.023467 -0.019957 -0.016865 -0.014190 -0.011932 -0.010091 -0.008668 -0.007661 -0.007072 -0.006900 -0.007145 -0.007807 
-0.020185 -0.022490 -0.025003 -0.027724 -0.030654 -0.033792 -0.037139 -0.040693 -0.044457 -0.048428 -0.052608 -0.056997 -0.061593 -0.066399 -0.071412 -0.076634 -0.083896 -0.093198 -0.104540 -0.117922 -0.133345 -0.150807 -0.170309 -0.191852 -0.209087 -0.222015 -0.230635 -0.234947 -0.234952 -0.230649 -0.222039 -0.209121 -0.196580 -0.184416 -0.172629 -0.161219 -0.150185 -0.139529 -0.129250 -0.119347 -0.109821 -0.100673 -0.091901 -0.083506 -0.075488 -0.067847 -0.060583 -0.053695 -0.047356 -0.041566 -0.036324 -0.031631 -0.027486 -0.023889 -0.020841 -0.018341 -0.016390 -0.014987 -0.014133 -0.013827 -0.014070 -0.014861 -0.016200 -0.018088 
-0.031647 -0.035088 -0.038693 -0.042462 -0.046394 -0.050491 -0.054751 -0.059175 -0.063762 -0.068514 -0.073429 -0.078508 -0.083751 -0.089157 -0.094728 -0.100462 -0.108333 -0.118342 -0.130488 -0.144771 -0.161191 -0.179749 -0.200443 -0.223275 -0.241409 -0.254843 -0.263579 -0.267616 -0.266955 -0.261595 -0.251536 -0.236778 -0.222458 -0.208574 -0.195128 -0.182120 -0.169548 -0.157414 -0.145717 -0.134457 -0.123634 -0.113249 -0.103301 -0.093790 -0.084716 -0.076080 -0.067881 -0.060119 -0.053036 -0.046634 -0.040911 -0.035868 -0.031504 -0.027821 -0.024817 -0.022493 -0.020848 -0.019883 -0.019598 -0.019993 -0.021068 -0.022822 -0.025256 -0.028369 
-0.043109 -0.047687 -0.052384 -0.057200 -0.062135 -0.067190 -0.072363 -0.077656 -0.083068 -0.088599 -0.094250 -0.100019 -0.105908 -0.111916 -0.118044 -0.124290 -0.132771 -0.143486 -0.156435 -0.171619 -0.189038 -0.208690 -0.230577 -0.254699 -0.273730 -0.287672 -0.296524 -0.300286 -0.298958 -0.292540 -0.281032 -0.264435 -0.248335 -0.232733 -0.217628 -0.203021 -0.188911 -0.175299 -0.162184 -0.149567 -0.137448 -0.125826 -0.114701 -0.104074 -0.093945 -0.084313 -0.075179 -0.066542 -0.058716 -0.051701 -0.045498 -0.040105 -0.035523 -0.031752 -0.028793 -0.026644 -0.025306 -0.024780 -0.025064 -0.026159 -0.028065 -0.030783 -0.034311 -0.038650 
-0.054571 -0.060285 -0.066074 -0.071938 -0.077876 -0.083888 -0.089976 -0.096137 -0.102374 -0.108685 -0.115071 -0.121531 -0.128066 -0.134675 -0.141359 -0.148118 -0.157208 -0.168630 -0.182383 -0.198468 -0.216884 -0.237632 -0.260711 -0.286122 -0.306052 -0.320500 -0.329468 -0.332955 -0.330961 -0.323485 -0.310529 -0.292092 -0.274213 -0.256891 -0.240128 -0.223922 -0.208274 -0.193184 -0.178652 -0.164677 -0.151261 -0.138402 -0.126101 -0.114358 -0.103173 -0.092546 -0.082477 -0.072965 -0.064396 -0.056769 -0.050084 -0.044342 -0.039542 -0.035684 -0.032769 -0.030795 -0.029764 -0.029676 -0.030529 -0.032325 -0.035063 -0.038744 -0.043366 -0.048931 
-0.056375 -0.062659 -0.069211 -0.076029 -0.083115 -0.090469 -0.098089 -0.105978 -0.114133 -0.122556 -0.131246 -0.140204 -0.149429 -0.158921 -0.168681 -0.178708 -0.189150 -0.200006 -0.211277 -0.222962 -0.235062 -0.247577 -0.260506 -0.273849 -0.283702 -0.290062 -0.292931 -0.292308 -0.288193 -0.280587 -0.269489 -0.254899 -0.240659 -0.226768 -0.213227 -0.200035 -0.187192 -0.174699 -0.162555 -0.150761 -0.139316 -0.128220 -0.117474 -0.107077 -0.097030 -0.087332 -0.077983 -0.068984 -0.060907 -0.053751 -0.047517 -0.042205 -0.037815 -0.034346 -0.031800 -0.030175 -0.029471 -0.029690 -0.030830 -0.032892 -0.035876 -0.039782 -0.044609 -0.050359 
-0.058179 -0.065033 -0.072347 -0.080121 -0.088355 -0.097049 -0.106203 -0.115818 -0.125892 -0.136427 -0.147422 -0.158877 -0.170792 -0.183167 -0.196002 -0.209298 -0.221091 -0.231382 -0.240170 -0.247456 -0.253240 -0.257521 -0.260300 -0.261577 -0.261352 -0.259624 -0.256393 -0.251661 -0.245426 -0.237688 -0.228449 -0.217707 -0.207105 -0.196645 -0.186326 -0.176148 -0.166111 -0.156214 -0.146459 -0.136845 -0.127371 -0.118038 -0.108847 -0.099796 -0.090887 -0.082118 -0.073490 -0.065003 -0.057418 -0.050733 -0.044950 -0.040068 -0.036088 -0.033009 -0.030831 -0.029554 -0.029178 -0.029704 -0.031131 -0.033460 -0.036689 -0.040820 -0.045852 -0.051786 
-0.059984 -0.067407 -0.075483 -0.084213 -0.093595 -0.103630 -0.114317 -0.125658 -0.137652 -0.150298 -0.163598 -0.177550 -0.192155 -0.207413 -0.223324 -0.239888 -0.253032 -0.262758 -0.269064 -0.271950 -0.271418 -0.267466 -0.260095 -0.249305 -0.239001 -0.229185 -0.219856 -0.211013 -0.202658 -0.194790 -0.187408 -0.180514 -0.173552 -0.166522 -0.159425 -0.152261 -0.145029 -0.137730 -0.130363 -0.122928 -0.115426 -0.107857 -0.100220 -0.092515 -0.084743 -0.076904 -0.068997 -0.061022 -0.053928 -0.047715 -0.042383 -0.037932 -0.034361 -0.031671 -0.029862 -0.028933 -0.028886 -0.029719 -0.031432 -0.034027 -0.037502 -0.041859 -0.047095 -0.053213 
-0.061788 -0.069781 -0.078620 -0.088304 -0.098834 -0.110210 -0.122431 -0.135498 -0.149411 -0.164169 -0.179773 -0.196223 -0.213518 -0.231659 -0.250646 -0.270478 -0.284974 -0.294134 -0.297957 -0.296445 -0.289596 -0.277411 -0.259890 -0.237032 -0.216651 -0.198747 -0.183318 -0.170366 -0.159890 -0.151891 -0.146368 -0.143321 -0.139998 -0.136399 -0.132525 -0.128374 -0.123947 -0.119245 -0.114266 -0.109012 -0.103481 -0.097675 -0.091592 -0.085234 -0.078600 -0.071689 -0.064503 -0.057041 -0.050439 -0.044697 -0.039816 -0.035795 -0.032634 -0.030333 -0.028893 -0.028313 -0.028593 -0.029733 -0.031734 -0.034594 -0.038315 -0.042897 -0.048338 -0.054640 
-0.063592 -0.072155 -0.081756 -0.092396 -0.104074 -0.116790 -0.130545 -0.145339 -0.161170 -0.178040 -0.195949 -0.214896 -0.234881 -0.255905 -0.277967 -0.301068 -0.316915 -0.325510 -0.326851 -0.320939 -0.307774 -0.287356 -0.259684 -0.224760 -0.194301 -0.168308 -0.146781 -0.129719 -0.117123 -0.108992 -0.105327 -0.106128 -0.106445 -0.106276 -0.105624 -0.104487 -0.102866 -0.100760 -0.098170 -0.095095 -0.091536 -0.087493 -0.082965 -0.077953 -0.072456 -0.066475 -0.060010 -0.053060 -0.046950 -0.041679 -0.037249 -0.033658 -0.030907 -0.028995 -0.027924 -0.027692 -0.028300 -0.029747 -0.032035 -0.035162 -0.039129 -0.043935 -0.049581 -0.056068 
-0.065396 -0.074529 -0.084893 -0.096487 -0.109314 -0.123371 -0.138659 -0.155179 -0.172930 -0.191912 -0.212125 -0.233569 -0.256244 -0.280151 -0.305289 -0.331658 -0.348857 -0.356885 -0.355744 -0.345433 -0.325952 -0.297300 -0.259479 -0.212488 -0.171951 -0.137870 -0.110243 -0.089072 -0.074355 -0.066094 -0.064287 -0.068935 -0.072891 -0.076154 -0.078723 -0.080600 -0.081784 -0.082275 -0.082074 -0.081179 -0.079591 -0.077311 -0.074338 -0.070672 -0.066313 -0.061261 -0.055516 -0.049079 -0.043461 -0.038662 -0.034682 -0.031521 -0.029180 -0.027658 -0.026955 -0.027071 -0.028007 -0.029762 -0.032336 -0.035729 -0.039942 -0.044973 -0.050824 -0.057495 
-0.067200 -0.076903 -0.088029 -0.100579 -0.114553 -0.129951 -0.146773 -0.165019 -0.184689 -0.205783 -0.228300 -0.252242 -0.277607 -0.304397 -0.332610 -0.362248 -0.380798 -0.388261 -0.384638 -0.369927 -0.344130 -0.307245 -0.259274 -0.200215 -0.149601 -0.107432 -0.073706 -0.048425 -0.031588 -0.023195 -0.023247 -0.031743 -0.039337 -0.046031 -0.051823 -0.056713 -0.060702 -0.063790 -0.065977 -0.067263 -0.067647 -0.067129 -0.065711 -0.063391 -0.060169 -0.056047 -0.051023 -0.045098 -0.039971 -0.035644 -0.032115 -0.029384 -0.027453 -0.026320 -0.025986 -0.026451 -0.027714 -0.029776 -0.032637 -0.036296 -0.040755 -0.046012 -0.052067 -0.058922 
-0.069005 -0.079277 -0.091165 -0.104671 -0.119793 -0.136532 -0.154887 -0.174859 -0.196448 -0.219654 -0.244476 -0.270915 -0.298971 -0.328643 -0.359932 -0.392838 -0.412739 -0.419637 -0.413531 -0.394421 -0.362308 -0.317190 -0.259068 -0.187943 -0.127251 -0.076993 -0.037169 -0.007778 0.011180 0.019703 0.017794 0.005450 -0.005784 -0.015908 -0.024922 -0.032826 -0.039621 -0.045306 -0.049881 -0.053346 -0.055702 -0.056947 -0.057083 -0.056110 -0.054026 -0.050833 -0.046530 -0.041117 -0.036482 -0.032626 -0.029547 -0.027248 -0.025726 -0.024982 -0.025017 -0.025830 -0.027421 -0.029790 -0.032938 -0.036864 -0.041568 -0.047050 -0.053310 -0.060349 
-0.070320 -0.080186 -0.091372 -0.103880 -0.117708 -0.132858 -0.149329 -0.167122 -0.186235 -0.206669 -0.228425 -0.251502 -0.275900 -0.301619 -0.328660 -0.357021 -0.374368 -0.380701 -0.376019 -0.360322 -0.333611 -0.295885 -0.247144 -0.187389 -0.136151 -0.093430 -0.059225 -0.033537 -0.016365 -0.007710 -0.007572 -0.015951 -0.023500 -0.030218 -0.036107 -0.041166 -0.045395 -0.048794 -0.051363 -0.053102 -0.054011 -0.054090 -0.053339 -0.051758 -0.049348 -0.046107 -0.042036 -0.037136 -0.032993 -0.029608 -0.026980 -0.025111 -0.023999 -0.023644 -0.024048 -0.025209 -0.027128 -0.029805 -0.033239 -0.037431 -0.042381 -0.048088 -0.054553 -0.061776 
-0.071636 -0.081095 -0.091579 -0.103088 -0.115624 -0.129185 -0.143771 -0.159384 -0.176022 -0.193685 -0.212374 -0.232089 -0.252830 -0.274596 -0.297388 -0.321205 -0.335997 -0.341764 -0.338506 -0.326222 -0.304914 -0.274580 -0.235220 -0.186836 -0.145051 -0.109866 -0.081281 -0.059296 -0.043910 -0.035124 -0.032938 -0.037352 -0.041215 -0.044529 -0.047292 -0.049505 -0.051168 -0.052281 -0.052844 -0.052857 -0.052320 -0.051232 -0.049595 -0.047407 -0.044669 -0.041381 -0.037543 -0.033155 -0.029504 -0.026590 -0.024413 -0.022974 -0.022272 -0.022307 -0.023079 -0.024588 -0.026835 -0.029819 -0.033540 -0.037998 -0.043194 -0.049127 -0.055796 -0.063204 
-0.072952 -0.082004 -0.091785 -0.102297 -0.113539 -0.125511 -0.138213 -0.151646 -0.165808 -0.180701 -0.196323 -0.212676 -0.229759 -0.247572 -0.266115 -0.285389 -0.297626 -0.302828 -0.300993 -0.292123 -0.276216 -0.253274 -0.223296 -0.186282 -0.153951 -0.126303 -0.103337 -0.085055 -0.071455 -0.062538 -0.058304 -0.058753 -0.058931 -0.058840 -0.058477 -0.057845 -0.056942 -0.055769 -0.054326 -0.052613 -0.050629 -0.048375 -0.045850 -0.043055 -0.039990 -0.036655 -0.033049 -0.029174 -0.026014 -0.023572 -0.021846 -0.020837 -0.020545 -0.020969 -0.022110 -0.023968 -0.026542 -0.029833 -0.033841 -0.038566 -0.044007 -0.050165 -0.057039 -0.064631 
-0.074268 -0.082913 -0.091992 -0.101506 -0.111455 -0.121838 -0.132656 -0.143908 -0.155595 -0.167716 -0.180273 -0.193263 -0.206689 -0.220549 -0.234843 -0.249572 -0.259255 -0.263891 -0.263480 -0.258023 -0.247519 -0.231969 -0.211372 -0.185729 -0.162851 -0.142739 -0.125394 -0.110814 -0.099000 -0.089952 -0.083670 -0.080154 -0.076647 -0.073150 -0.069663 -0.066185 -0.062716 -0.059257 -0.055808 -0.052368 -0.048938 -0.045517 -0.042106 -0.038704 -0.035312 -0.031929 -0.028556 -0.025193 -0.022525 -0.020554 -0.019279 -0.018700 -0.018818 -0.019631 -0.021141 -0.023347 -0.026249 -0.029848 -0.034142 -0.039133 -0.044820 -0.051203 -0.058282 -0.066058 
-0.075584 -0.083822 -0.092199 -0.100715 -0.109370 -0.118164 -0.127098 -0.136170 -0.145381 -0.154732 -0.164222 -0.173850 -0.183618 -0.193525 -0.203571 -0.213756 -0.220884 -0.224954 -0.225968 -0.223924 -0.218822 -0.210664 -0.199448 -0.185175 -0.171751 -0.159176 -0.147450 -0.136573 -0.126545 -0.117366 -0.109036 -0.101555 -0.094363 -0.087461 -0.080848 -0.074524 -0.068490 -0.062745 -0.057290 -0.052123 -0.047247 -0.042659 -0.038361 -0.034353 -0.030633 -0.027203 -0.024063 -0.021211 -0.019036 -0.017536 -0.016712 -0.016563 -0.017091 -0.018294 -0.020172 -0.022726 -0.025956 -0.029862 -0.034443 -0.039700 -0.045633 -0.052241 -0.059525 -0.067485 
-0.076900 -0.084731 -0.092406 -0.099924 -0.107286 -0.114491 -0.121540 -0.128432 -0.135168 -0.141748 -0.148171 -0.154437 -0.160548 -0.166501 -0.172299 -0.177940 -0.182513 -0.186018 -0.188455 -0.189824 -0.190125 -0.189359 -0.187524 -0.184622 -0.180651 -0.175613 -0.169506 -0.162332 -0.154090 -0.144780 -0.134402 -0.122956 -0.112079 -0.101771 -0.092033 -0.082864 -0.074264 -0.066233 -0.058771 -0.051879 -0.045556 -0.039802 -0.034617 -0.030001 -0.025955 -0.022477 -0.019569 -0.017230 -0.015547 -0.014518 -0.014145 -0.014427 -0.015364 -0.016956 -0.019203 -0.022106 -0.025663 -0.029876 -0.034744 -0.040268 -0.046446 -0.053280 -0.060768 -0.068912 
-0.078216 -0.085640 -0.092612 -0.099133 -0.105201 -0.110817 -0.115982 -0.120694 -0.124955 -0.128763 -0.132120 -0.135025 -0.137477 -0.139478 -0.141027 -0.142123 -0.144142 -0.147081 -0.150942 -0.155724 -0.161428 -0.168053 -0.175600 -0.184068 -0.189551 -0.192049 -0.191563 -0.188091 -0.181635 -0.172194 -0.159768 -0.144357 -0.129795 -0.116082 -0.103218 -0.091203 -0.080038 -0.069721 -0.060253 -0.051634 -0.043865 -0.036944 -0.030872 -0.025650 -0.021276 -0.017752 -0.015076 -0.013249 -0.012057 -0.011500 -0.011578 -0.012290 -0.013637 -0.015618 -0.018234 -0.021485 -0.025371 -0.029891 -0.035045 -0.040835 -0.047259 -0.054318 -0.062011 -0.070340 
-0.079532 -0.086549 -0.092819 -0.098341 -0.103116 -0.107144 -0.110424 -0.112956 -0.114741 -0.115779 -0.116069 -0.115612 -0.114407 -0.112454 -0.109754 -0.106307 -0.105770 -0.108145 -0.113429 -0.121625 -0.132731 -0.146748 -0.163676 -0.183514 -0.198451 -0.208486 -0.213619 -0.213850 -0.209180 -0.199608 -0.185134 -0.165758 -0.147511 -0.130393 -0.114403 -0.099543 -0.085811 -0.073209 -0.061735 -0.051390 -0.042174 -0.034086 -0.027128 -0.021298 -0.016598 -0.013026 -0.010583 -0.009268 -0.008568 -0.008482 -0.009011 -0.010153 -0.011910 -0.014280 -0.017265 -0.020864 -0.025078 -0.029905 -0.035347 -0.041402 -0.048072 -0.055356 -0.063254 -0.071767 
-0.079039 -0.085480 -0.091151 -0.096053 -0.100187 -0.103551 -0.106147 -0.107973 -0.109030 -0.109319 -0.108838 -0.107589 -0.105570 -0.102783 -0.099226 -0.094901 -0.093416 -0.094772 -0.098969 -0.106007 -0.115886 -0.128605 -0.144166 -0.162567 -0.176485 -0.185920 -0.190871 -0.191339 -0.187324 -0.178825 -0.165843 -0.148377 -0.131951 -0.116564 -0.102217 -0.088909 -0.076640 -0.065411 -0.055221 -0.046070 -0.037959 -0.030887 -0.024854 -0.019861 -0.015907 -0.012993 -0.011117 -0.010282 -0.009997 -0.010263 -0.011080 -0.012448 -0.014366 -0.016836 -0.019856 -0.023427 -0.027550 -0.032223 -0.037447 -0.043222 -0.049547 -0.056424 -0.063851 -0.071830 
-0.078547 -0.084410 -0.089483 -0.093765 -0.097257 -0.099958 -0.101869 -0.102990 -0.103319 -0.102859 -0.101608 -0.099566 -0.096734 -0.093111 -0.088698 -0.083494 -0.081061 -0.081399 -0.084509 -0.090389 -0.099040 -0.110463 -0.124656 -0.141620 -0.154519 -0.163354 -0.168123 -0.168828 -0.165467 -0.158042 -0.146552 -0.130996 -0.116391 -0.102736 -0.090030 -0.078274 -0.067468 -0.057612 -0.048706 -0.040750 -0.033743 -0.027687 -0.022580 -0.018424 -0.015217 -0.012960 -0.011652 -0.011295 -0.011425 -0.012043 -0.013149 -0.014742 -0.016823 -0.019391 -0.022447 -0.025991 -0.030022 -0.034540 -0.039547 -0.045041 -0.051022 -0.057492 -0.064448 -0.071893 
-0.078054 -0.083340 -0.087815 -0.091477 -0.094327 -0.096366 -0.097592 -0.098006 -0.097608 -0.096399 -0.094377 -0.091543 -0.087897 -0.083439 -0.078169 -0.072087 -0.068707 -0.068027 -0.070048 -0.074771 -0.082195 -0.092320 -0.105146 -0.120673 -0.132554 -0.140788 -0.145375 -0.146316 -0.143611 -0.137259 -0.127261 -0.113616 -0.100831 -0.088907 -0.077843 -0.067640 -0.058297 -0.049814 -0.042192 -0.035430 -0.029528 -0.024487 -0.020306 -0.016986 -0.014526 -0.012927 -0.012187 -0.012309 -0.012854 -0.013824 -0.015218 -0.017036 -0.019279 -0.021946 -0.025038 -0.028554 -0.032494 -0.036858 -0.041647 -0.046860 -0.052498 -0.058559 -0.065045 -0.071956 
-0.077562 -0.082271 -0.086147 -0.089189 -0.091398 -0.092773 -0.093315 -0.093023 -0.091897 -0.089938 -0.087146 -0.083520 -0.079060 -0.073767 -0.067641 -0.060681 -0.056352 -0.054654 -0.055588 -0.059153 -0.065349 -0.074177 -0.085636 -0.099726 -0.110588 -0.118222 -0.122627 -0.123805 -0.121755 -0.116476 -0.107970 -0.096235 -0.085271 -0.075078 -0.065656 -0.057005 -0.049125 -0.042016 -0.035677 -0.030110 -0.025313 -0.021287 -0.018033 -0.015549 -0.013836 -0.012894 -0.012722 -0.013322 -0.014283 -0.015604 -0.017287 -0.019331 -0.021736 -0.024502 -0.027629 -0.031117 -0.034966 -0.039176 -0.043747 -0.048679 -0.053973 -0.059627 -0.065642 -0.072019 
-0.077069 -0.081201 -0.084479 -0.086901 -0.088468 -0.089180 -0.089037 -0.088039 -0.086186 -0.083478 -0.079915 -0.075497 -0.070224 -0.064096 -0.057112 -0.049274 -0.043997 -0.041282 -0.041128 -0.043535 -0.048504 -0.056034 -0.066126 -0.078779 -0.088622 -0.095656 -0.099880 -0.101294 -0.099899 -0.095694 -0.088679 -0.078854 -0.069711 -0.061250 -0.053470 -0.046371 -0.039953 -0.034218 -0.029163 -0.024790 -0.021098 -0.018088 -0.015759 -0.014111 -0.013145 -0.012861 -0.013257 -0.014335 -0.015711 -0.017385 -0.019356 -0.021625 -0.024192 -0.027057 -0.030220 -0.033680 -0.037438 -0.041494 -0.045847 -0.050499 -0.055448 -0.060695 -0.066239 -0.072082 
-0.076577 -0.080132 -0.082811 -0.084613 -0.085538 -0.085587 -0.084760 -0.083056 -0.080475 -0.077018 -0.072684 -0.067474 -0.061387 -0.054424 -0.046584 -0.037868 -0.031643 -0.027909 -0.026667 -0.027917 -0.031658 -0.037891 -0.046616 -0.057831 -0.066656 -0.073090 -0.077132 -0.078783 -0.078042 -0.074911 -0.069388 -0.061474 -0.054152 -0.047421 -0.041283 -0.035736 -0.030782 -0.026419 -0.022649 -0.019470 -0.016883 -0.014888 -0.013485 -0.012674 -0.012455 -0.012827 -0.013792 -0.015349 -0.017140 -0.019165 -0.021425 -0.023920 -0.026649 -0.029612 -0.032810 -0.036243 -0.039910 -0.043811 -0.047947 -0.052318 -0.056923 -0.061762 -0.066836 -0.072145 
-0.076084 -0.079062 -0.081142 -0.082325 -0.082609 -0.081995 -0.080483 -0.078073 -0.074764 -0.070558 -0.065454 -0.059451 -0.052551 -0.044752 -0.036056 -0.026461 -0.019288 -0.014537 -0.012207 -0.012299 -0.014813 -0.019748 -0.027105 -0.036884 -0.044690 -0.050524 -0.054384 -0.056271 -0.056186 -0.054128 -0.050097 -0.044093 -0.038592 -0.033593 -0.029096 -0.025102 -0.021610 -0.018621 -0.016134 -0.014150 -0.012668 -0.011688 -0.011211 -0.011237 -0.011764 -0.012794 -0.014327 -0.016362 -0.018568 -0.020946 -0.023495 -0.026214 -0.029106 -0.032168 -0.035401 -0.038806 -0.042382 -0.046129 -0.050048 -0.054137 -0.058398 -0.062830 -0.067433 -0.072208 
-0.075591 -0.077993 -0.079474 -0.080037 -0.079679 -0.078402 -0.076205 -0.073089 -0.069053 -0.064098 -0.058223 -0.051428 -0.043714 -0.035081 -0.025527 -0.015054 -0.006933 -0.001164 0.002253 0.003319 0.002033 -0.001605 -0.007595 -0.015937 -0.022725 -0.027958 -0.031636 -0.033760 -0.034330 -0.033345 -0.030806 -0.026712 -0.023032 -0.019764 -0.016909 -0.014468 -0.012439 -0.010823 -0.009620 -0.008830 -0.008453 -0.008489 -0.008937 -0.009799 -0.011074 -0.012761 -0.014862 -0.017376 -0.019997 -0.022726 -0.025564 -0.028509 -0.031562 -0.034723 -0.037992 -0.041369 -0.044854 -0.048447 -0.052148 -0.055956 -0.059873 -0.063898 -0.068030 -0.072271 
-0.075099 -0.076923 -0.077806 -0.077748 -0.076749 -0.074809 -0.071928 -0.068106 -0.063342 -0.057638 -0.050992 -0.043405 -0.034878 -0.025409 -0.014999 -0.003648 0.005421 0.012209 0.016714 0.018937 0.018878 0.016537 0.011915 0.005010 -0.000759 -0.005391 -0.008888 -0.011249 -0.012474 -0.012562 -0.011515 -0.009332 -0.007472 -0.005936 -0.004723 -0.003833 -0.003267 -0.003025 -0.003105 -0.003510 -0.004238 -0.005289 -0.006664 -0.008362 -0.010383 -0.012728 -0.015397 -0.018389 -0.021426 -0.024507 -0.027633 -0.030803 -0.034019 -0.037279 -0.040583 -0.043932 -0.047326 -0.050765 -0.054248 -0.057776 -0.061348 -0.064965 -0.068627 -0.072334 
-0.074606 -0.075854 -0.076138 -0.075460 -0.073820 -0.071217 -0.067651 -0.063122 -0.057631 -0.051178 -0.043761 -0.035383 -0.026041 -0.015737 -0.004470 0.007759 0.017776 0.025581 0.031174 0.034555 0.035724 0.034680 0.031425 0.025957 0.021207 0.017175 0.013860 0.011262 0.009383 0.008221 0.007776 0.008049 0.008088 0.007893 0.007464 0.006801 0.005905 0.004774 0.003409 0.001810 -0.000022 -0.002089 -0.004390 -0.006924 -0.009693 -0.012695 -0.015932 -0.019402 -0.022854 -0.026287 -0.029702 -0.033098 -0.036475 -0.039834 -0.043174 -0.046495 -0.049798 -0.053082 -0.056348 -0.059595 -0.062823 -0.066033 -0.069224 -0.072397 
-0.074114 -0.074784 -0.074470 -0.073172 -0.070890 -0.067624 -0.063373 -0.058139 -0.051920 -0.044718 -0.036531 -0.027360 -0.017205 -0.006065 0.006058 0.019165 0.030131 0.038954 0.045634 0.050173 0.052569 0.052823 0.050935 0.046904 0.043173 0.039741 0.036608 0.033774 0.031239 0.029003 0.027067 0.025430 0.023648 0.021722 0.019651 0.017436 0.015076 0.012572 0.009923 0.007130 0.004193 0.001111 -0.002116 -0.005487 -0.009002 -0.012662 -0.016467 -0.020416 -0.024283 -0.028068 -0.031771 -0.035392 -0.038932 -0.042389 -0.045765 -0.049059 -0.052270 -0.055400 -0.058448 -0.061414 -0.064298 -0.067101 -0.069821 -0.072460 
-0.073621 -0.073715 -0.072802 -0.070884 -0.067960 -0.064031 -0.059096 -0.053155 -0.046209 -0.038257 -0.029300 -0.019337 -0.008368 0.003606 0.016586 0.030572 0.042485 0.052326 0.060095 0.065791 0.069415 0.070966 0.070445 0.067851 0.065139 0.062307 0.059355 0.056285 0.053095 0.049786 0.046358 0.042810 0.039208 0.035550 0.031838 0.028070 0.024248 0.020370 0.016438 0.012450 0.008408 0.004310 0.000158 -0.004050 -0.008312 -0.012629 -0.017002 -0.021429 -0.025711 -0.029848 -0.033840 -0.037687 -0.041388 -0.044945 -0.048356 -0.051622 -0.054742 -0.057718 -0.060548 -0.063234 -0.065774 -0.068168 -0.070418 -0.072522 
-0.073129 -0.072645 -0.071134 -0.068596 -0.065031 -0.060438 -0.054819 -0.048172 -0.040498 -0.031797 -0.022069 -0.011314 0.000469 0.013278 0.027115 0.041979 0.054840 0.065699 0.074555 0.081409 0.086260 0.089109 0.089955 0.088798 0.087104 0.084873 0.082103 0.078796 0.074951 0.070569 0.065649 0.060191 0.054768 0.049379 0.044024 0.038705 0.033419 0.028168 0.022952 0.017770 0.012623 0.007510 0.002432 -0.002612 -0.007621 -0.012596 -0.017537 -0.022442 -0.027140 -0.031629 -0.035909 -0.039981 -0.043845 -0.047500 -0.050947 -0.054185 -0.057214 -0.060036 -0.062648 -0.065053 -0.067249 -0.069236 -0.071015 -0.072585 
-0.072636 -0.071575 -0.069466 -0.066308 -0.062101 -0.056846 -0.050541 -0.043189 -0.034787 -0.025337 -0.014838 -0.003291 0.009305 0.022950 0.037643 0.053385 0.067195 0.079071 0.089015 0.097027 0.103105 0.107252 0.109465 0.109746 0.109070 0.107439 0.104851 0.101307 0.096808 0.091352 0.084940 0.077572 0.070328 0.063207 0.056211 0.049339 0.042591 0.035967 0.029467 0.023090 0.016838 0.010710 0.004706 -0.001175 -0.006931 -0.012563 -0.018072 -0.023456 -0.028568 -0.033409 -0.037978 -0.042276 -0.046301 -0.050055 -0.053537 -0.056748 -0.059686 -0.062353 -0.064749 -0.066872 -0.068724 -0.070304 -0.071612 -0.072648 
-0.072144 -0.070506 -0.067798 -0.064020 -0.059171 -0.053253 -0.046264 -0.038205 -0.029076 -0.018877 -0.007608 0.004732 0.018142 0.032622 0.048172 0.064792 0.079549 0.092444 0.103476 0.112645 0.119951 0.125394 0.128975 0.130693 0.131036 0.130005 0.127599 0.123819 0.118664 0.112135 0.104231 0.094952 0.085887 0.077036 0.068398 0.059974 0.051762 0.043765 0.035981 0.028410 0.021053 0.013910 0.006979 0.000263 -0.006241 -0.012530 -0.018607 -0.024469 -0.029997 -0.035190 -0.040048 -0.044570 -0.048758 -0.052611 -0.056128 -0.059311 -0.062159 -0.064671 -0.066849 -0.068691 -0.070199 -0.071371 -0.072209 -0.072711 
-0.071651 -0.069436 -0.066130 -0.061732 -0.056242 -0.049660 -0.041987 -0.033222 -0.023365 -0.012417 -0.000377 0.012755 0.026978 0.042293 0.058700 0.076198 0.091904 0.105816 0.117936 0.128263 0.136796 0.143537 0.148485 0.151640 0.153002 0.152571 0.150347 0.146330 0.140520 0.132917 0.123522 0.112333 0.101447 0.090865 0.080585 0.070608 0.060934 0.051563 0.042495 0.033730 0.025268 0.017109 0.009253 0.001700 -0.005550 -0.012497 -0.019141 -0.025483 -0.031426 -0.036970 -0.042117 -0.046865 -0.051215 -0.055166 -0.058719 -0.061874 -0.064631 -0.066989 -0.068949 -0.070511 -0.071674 -0.072439 -0.072806 -0.072774 
-0.059122 -0.056266 -0.052436 -0.047632 -0.041853 -0.035101 -0.027374 -0.018673 -0.008998 0.001652 0.013276 0.025873 0.039445 0.053992 0.069512 0.086007 0.100772 0.113808 0.125114 0.134691 0.142538 0.148656 0.153044 0.155703 0.156632 0.155832 0.153303 0.149044 0.143056 0.135338 0.125890 0.114713 0.103846 0.093288 0.083040 0.073101 0.063471 0.054151 0.045141 0.036440 0.028048 0.019966 0.012194 0.004731 -0.002423 -0.009267 -0.015802 -0.022027 -0.027806 -0.033140 -0.038028 -0.042470 -0.046466 -0.050017 -0.053121 -0.055780 -0.057993 -0.059761 -0.061082 -0.061958 -0.062388 -0.062372 -0.061911 -0.061003 
-0.046592 -0.043095 -0.038742 -0.033532 -0.027465 -0.020541 -0.012761 -0.004124 0.005370 0.015721 0.026928 0.038992 0.051913 0.065690 0.080324 0.095815 0.109640 0.121799 0.132292 0.141119 0.148279 0.153774 0.157603 0.159766 0.160263 0.159094 0.156259 0.151758 0.145591 0.137758 0.128259 0.117094 0.106245 0.095712 0.085495 0.075594 0.066009 0.056740 0.047787 0.039150 0.030829 0.022823 0.015134 0.007761 0.000704 -0.006037 -0.012462 -0.018571 -0.024187 -0.029310 -0.033939 -0.038075 -0.041718 -0.044867 -0.047524 -0.049687 -0.051356 -0.052533 -0.053216 -0.053406 -0.053102 -0.052305 -0.051015 -0.049232 
-0.034062 -0.029925 -0.025048 -0.019432 -0.013076 -0.005982 0.001852 0.010425 0.019738 0.029789 0.040580 0.052110 0.064380 0.077388 0.091136 0.105623 0.118508 0.129790 0.139469 0.147546 0.154021 0.158893 0.162162 0.163829 0.163894 0.162356 0.159215 0.154472 0.148126 0.140178 0.130628 0.119474 0.108644 0.098136 0.087950 0.078087 0.068546 0.059328 0.050432 0.041859 0.033609 0.025680 0.018075 0.010792 0.003831 -0.002807 -0.009123 -0.015116 -0.020568 -0.025480 -0.029850 -0.033680 -0.036970 -0.039718 -0.041926 -0.043593 -0.044719 -0.045304 -0.045349 -0.044853 -0.043816 -0.042238 -0.040120 -0.037461 
-0.021533 -0.016754 -0.011354 -0.005332 0.001312 0.008578 0.016465 0.024974 0.034105 0.043858 0.054233 0.065229 0.076847 0.089087 0.101948 0.115431 0.127376 0.137781 0.146647 0.153974 0.159762 0.164011 0.166721 0.167892 0.167524 0.165617 0.162171 0.157186 0.150662 0.142599 0.132996 0.121855 0.111043 0.100559 0.090405 0.080580 0.071083 0.061916 0.053078 0.044569 0.036389 0.028538 0.021015 0.013822 0.006958 0.000423 -0.005783 -0.011660 -0.016949 -0.021649 -0.025762 -0.029286 -0.032221 -0.034569 -0.036328 -0.037499 -0.038082 -0.038076 -0.037482 -0.036300 -0.034530 -0.032172 -0.029225 -0.025690 
-0.009003 -0.003584 0.002340 0.008768 0.015701 0.023137 0.031078 0.039524 0.048473 0.057927 0.067885 0.078347 0.089314 0.100785 0.112760 0.125240 0.136244 0.145772 0.153825 0.160402 0.165504 0.169130 0.171281 0.171956 0.171155 0.168879 0.165127 0.159900 0.153197 0.145019 0.135365 0.124235 0.113441 0.102983 0.092860 0.083073 0.073621 0.064505 0.055724 0.047279 0.039169 0.031395 0.023956 0.016853 0.010085 0.003653 -0.002443 -0.008204 -0.013330 -0.017819 -0.021673 -0.024891 -0.027473 -0.029420 -0.030730 -0.031405 -0.031445 -0.030848 -0.029616 -0.027748 -0.025244 -0.022105 -0.018329 -0.013918 
0.003526 0.009587 0.016034 0.022868 0.030089 0.037697 0.045691 0.054073 0.062841 0.071996 0.081537 0.091466 0.101781 0.112483 0.123572 0.135048 0.145112 0.153763 0.161003 0.166830 0.171245 0.174249 0.175840 0.176019 0.174786 0.172141 0.168083 0.162614 0.155733 0.147439 0.137734 0.126616 0.115840 0.105407 0.095315 0.085566 0.076158 0.067093 0.058369 0.049988 0.041949 0.034252 0.026897 0.019883 0.013212 0.006883 0.000896 -0.004749 -0.009710 -0.013989 -0.017584 -0.020496 -0.022725 -0.024270 -0.025133 -0.025312 -0.024807 -0.023620 -0.021749 -0.019195 -0.015958 -0.012038 -0.007434 -0.002147 
0.016056 0.022757 0.029728 0.036968 0.044478 0.052256 0.060304 0.068622 0.077208 0.086064 0.095190 0.104584 0.114248 0.124182 0.134384 0.144856 0.153980 0.161754 0.168180 0.173258 0.176987 0.179367 0.180399 0.180082 0.178416 0.175402 0.171039 0.165328 0.158268 0.149859 0.140102 0.128996 0.118239 0.107830 0.097770 0.088059 0.078696 0.069681 0.061015 0.052698 0.044729 0.037109 0.029837 0.022914 0.016339 0.010113 0.004236 -0.001293 -0.006091 -0.010159 -0.013495 -0.016101 -0.017976 -0.019121 -0.019535 -0.019218 -0.018170 -0.016392 -0.013883 -0.010643 -0.006672 -0.001971 0.003461 0.009624 
0.028586 0.035928 0.043422 0.051068 0.058866 0.066816 0.074917 0.083171 0.091576 0.100133 0.108842 0.117703 0.126716 0.135880 0.145196 0.154665 0.162848 0.169745 0.175358 0.179686 0.182728 0.184486 0.184958 0.184145 0.182047 0.178664 0.173995 0.168042 0.160803 0.152280 0.142471 0.131377 0.120638 0.110254 0.100225 0.090552 0.081233 0.072269 0.063661 0.055407 0.047509 0.039966 0.032778 0.025944 0.019466 0.013343 0.007576 0.002163 -0.002472 -0.006328 -0.009406 -0.011706 -0.013228 -0.013972 -0.013937 -0.013124 -0.011533 -0.009164 -0.006016 -0.002090 0.002614 0.008096 0.014356 0.021395 
0.041115 0.049098 0.057116 0.065168 0.073255 0.081375 0.089530 0.097720 0.105944 0.114202 0.122494 0.130821 0.139183 0.147578 0.156008 0.164473 0.171716 0.177737 0.182536 0.186114 0.188470 0.189604 0.189517 0.188208 0.185678 0.181925 0.176952 0.170756 0.163339 0.154700 0.144839 0.133757 0.123037 0.112678 0.102680 0.093044 0.083770 0.074858 0.066307 0.058117 0.050289 0.042823 0.035718 0.028975 0.022593 0.016574 0.010915 0.005618 0.001147 -0.002498 -0.005318 -0.007312 -0.008480 -0.008822 -0.008339 -0.007030 -0.004896 -0.001935 0.001851 0.006462 0.011900 0.018163 0.025252 0.033166 
0.053645 0.062269 0.070810 0.079268 0.087643 0.095935 0.104143 0.112269 0.120311 0.128271 0.136147 0.143940 0.151650 0.159277 0.166820 0.174281 0.180584 0.185728 0.189714 0.192542 0.194211 0.194723 0.194076 0.192271 0.189308 0.185187 0.179908 0.173470 0.165874 0.157120 0.147208 0.136138 0.125436 0.115101 0.105135 0.095537 0.086308 0.077446 0.068952 0.060827 0.053069 0.045680 0.038659 0.032006 0.025721 0.019804 0.014255 0.009074 0.004767 0.001332 -0.001229 -0.002917 -0.003732 -0.003673 -0.002741 -0.000937 0.001741 0.005293 0.009717 0.015015 0.021186 0.028230 0.036147 0.044937 
0.066174 0.075440 0.084504 0.093368 0.102031 0.110494 0.118756 0.126818 0.134679 0.142339 0.149799 0.157058 0.164117 0.170975 0.177633 0.184089 0.189451 0.193719 0.196892 0.198970 0.199953 0.199841 0.198635 0.196334 0.192939 0.188449 0.182864 0.176184 0.168410 0.159541 0.149577 0.138518 0.127834 0.117525 0.107590 0.098030 0.088845 0.080034 0.071598 0.063536 0.055849 0.048537 0.041599 0.035036 0.028848 0.023034 0.017594 0.012530 0.008386 0.005162 0.002860 0.001478 0.001017 0.001476 0.002856 0.005157 0.008379 0.012521 0.017584 0.023567 0.030472 0.038297 0.047042 0.056709 
0.078704 0.088610 0.098198 0.107468 0.116420 0.125054 0.133369 0.141367 0.149047 0.156408 0.163452 0.170177 0.176584 0.182673 0.188445 0.193898 0.198319 0.201710 0.204069 0.205397 0.205694 0.204960 0.203194 0.200398 0.196570 0.191710 0.185820 0.178898 0.170945 0.161961 0.151945 0.140899 0.130233 0.119949 0.110046 0.100523 0.091382 0.082622 0.074244 0.066246 0.058629 0.051394 0.044540 0.038067 0.031975 0.026264 0.020934 0.015985 0.012005 0.008993 0.006949 0.005873 0.005765 0.006625 0.008454 0.011251 0.015016 0.019749 0.025450 0.032120 0.039758 0.048364 0.057938 0.068480 
0.091234 0.101781 0.111892 0.121568 0.130808 0.139613 0.147982 0.155916 0.163414 0.170477 0.177104 0.183295 0.189051 0.194372 0.199257 0.203706 0.207187 0.209701 0.211247 0.211825 0.211436 0.210079 0.207754 0.204461 0.200200 0.194972 0.188776 0.181612 0.173480 0.164381 0.154314 0.143279 0.132632 0.122372 0.112501 0.103016 0.093920 0.085211 0.076889 0.068956 0.061410 0.054251 0.047480 0.041097 0.035102 0.029494 0.024274 0.019441 0.015624 0.012823 0.011037 0.010267 0.010513 0.011775 0.014052 0.017345 0.021653 0.026977 0.033317 0.040672 0.049044 0.058430 0.068833 0.080251 
0.103763 0.114951 0.125586 0.135668 0.145197 0.154173 0.162596 0.170465 0.177782 0.184546 0.190756 0.196414 0.201519 0.206070 0.210069 0.213514 0.216055 0.217692 0.218425 0.218253 0.217177 0.215197 0.212313 0.208524 0.203831 0.198234 0.191732 0.184326 0.176016 0.166801 0.156683 0.145660 0.135031 0.124796 0.114956 0.105509 0.096457 0.087799 0.079535 0.071665 0.064190 0.057108 0.050421 0.044128 0.038229 0.032724 0.027613 0.022897 0.019243 0.016653 0.015126 0.014662 0.015262 0.016924 0.019650 0.023438 0.028290 0.034205 0.041184 0.049225 0.058330 0.068497 0.079728 0.092022 
0.116293 0.128122 0.139280 0.149768 0.159585 0.168732 0.177209 0.185014 0.192150 0.198614 0.204409 0.209532 0.213986 0.217768 0.220881 0.223322 0.224923 0.225683 0.225603 0.224681 0.222919 0.220316 0.216872 0.212587 0.207462 0.201495 0.194688 0.187040 0.178551 0.169222 0.159051 0.148040 0.137430 0.127220 0.117411 0.108002 0.098994 0.090387 0.082181 0.074375 0.066970 0.059965 0.053361 0.047158 0.041356 0.035954 0.030953 0.026352 0.022863 0.020483 0.019215 0.019057 0.020010 0.022073 0.025247 0.029532 0.034927 0.041434 0.049050 0.057778 0.067616 0.078564 0.090623 0.103793 
0.128822 0.141292 0.152974 0.163868 0.173974 0.183292 0.191822 0.199563 0.206517 0.212683 0.218061 0.222651 0.226453 0.229467 0.231693 0.233131 0.233791 0.233675 0.232780 0.231109 0.228660 0.225434 0.221431 0.216650 0.211092 0.204757 0.197644 0.189754 0.181087 0.171642 0.161420 0.150421 0.139829 0.129644 0.119866 0.110495 0.101532 0.092975 0.084826 0.077085 0.069750 0.062822 0.056302 0.050189 0.044483 0.039184 0.034293 0.029808 0.026482 0.024314 0.023304 0.023452 0.024758 0.027223 0.030845 0.035626 0.041565 0.048662 0.056917 0.066330 0.076902 0.088631 0.101519 0.115565 
