0.747430 0.732521 0.692109 0.669400 0.602564 0.499367 0.462788 0.378347 0.246902 0.285845 0.330615 0.406911 0.450622 0.466940 0.509440 0.653204 
0.545121 0.532807 0.434014 0.358251 0.409562 0.371588 0.325605 0.232233 0.128873 0.236101 0.466439 0.589932 0.546410 0.396880 0.381534 0.468481 
0.367606 0.385625 0.322053 0.182889 0.165970 0.125066 -0.023363 -0.008136 0.089266 0.116723 0.314699 0.540341 0.598047 0.490434 0.410240 0.352510 
0.146140 0.149537 0.042726 -0.044150 -0.251484 -0.411694 -0.487043 -0.372369 -0.109053 0.010224 0.163145 0.456619 0.583760 0.503972 0.389817 0.211965 
-0.041332 -0.061734 -0.135118 -0.164164 -0.318391 -0.485578 -0.596030 -0.629410 -0.435463 -0.102358 0.087569 0.373323 0.393546 0.366981 0.272985 0.043093 
-0.264600 -0.305142 -0.283847 -0.257542 -0.281252 -0.309367 -0.302013 -0.304267 -0.263961 -0.200640 -0.035194 0.155041 0.284568 0.314713 0.210353 -0.113320 
-0.453325 -0.551182 -0.605141 -0.588160 -0.575618 -0.499307 -0.278247 -0.136093 -0.080632 -0.039778 -0.027014 0.049209 0.135110 0.073326 -0.067256 -0.289420 
-0.612063 -0.727737 -0.807791 -0.766539 -0.671206 -0.528792 -0.399186 -0.198499 0.068017 0.288064 0.303745 0.157349 0.077465 -0.055115 -0.282390 -0.459794 
-0.648215 -0.729993 -0.742222 -0.721975 -0.724482 -0.538536 -0.364810 -0.281352 -0.208773 -0.097501 -0.121550 -0.353033 -0.451907 -0.443114 -0.526792 -0.574536 
-0.681389 -0.682752 -0.651368 -0.639942 -0.596346 -0.599569 -0.455706 -0.240281 -0.320542 -0.350099 -0.417141 -0.738697 -0.974111 -0.957479 -0.834815 -0.695503 
-0.678768 -0.569059 -0.447876 -0.393733 -0.266116 -0.219519 -0.338506 -0.397777 -0.224524 -0.235757 -0.491393 -0.831551 -0.972554 -0.986977 -0.887439 -0.744387 
-0.688521 -0.528597 -0.389715 -0.241757 -0.096394 -0.023166 0.010055 -0.113996 -0.354602 -0.399717 -0.610307 -0.879389 -1.008455 -1.069557 -0.952053 -0.812263 
-0.361739 -0.280597 -0.190342 -0.086336 0.035682 0.109655 0.123363 0.039850 -0.127574 -0.523644 -0.671712 -0.576043 -0.648198 -0.659136 -0.548895 -0.438378 
0.049061 0.106781 0.170819 0.207199 0.273737 0.284732 0.257451 0.169831 -0.029908 -0.316967 -0.474523 -0.408090 -0.310567 -0.186011 -0.108014 -0.000781 
0.447236 0.451263 0.498793 0.491544 0.456574 0.454577 0.385175 0.293531 0.177428 -0.057467 -0.144025 -0.256563 -0.138847 0.077884 0.213105 0.373884 
0.880836 0.831749 0.846392 0.748514 0.590657 0.523997 0.433898 0.321832 0.198009 0.140419 0.080089 0.068078 0.188595 0.419735 0.573666 0.778736 
