4.129395 5.870117 7.642090 7.414063 6.947754 4.481445 -0.586426 2.345703 3.479980 4.614258 2.662598 4.710938 10.739746 6.768555 4.578613 2.388672 
3.556152 2.227539 1.273926 8.320313 8.644043 8.967773 6.049316 3.130859 2.303223 1.475586 -0.828613 4.867188 7.762207 10.657227 7.770996 4.884766 
6.429199 3.532227 4.709473 7.886719 7.624512 7.362305 5.846191 4.330078 1.859863 5.389648 0.985840 4.582031 4.898926 5.215820 4.270996 0.326172 
5.873535 4.909180 0.761230 4.613281 4.389160 4.165039 5.179199 6.193359 6.399902 6.606445 0.793457 4.980469 1.274902 -0.430664 1.203613 6.837891 
7.354004 4.655273 4.800293 2.945313 0.414551 -2.116211 3.067871 1.251953 10.528809 2.805664 7.293457 3.781250 2.046387 0.311523 0.182129 0.052734 
1.745605 8.895508 7.201660 3.507813 3.075684 2.643555 4.762207 6.880859 1.496582 6.112305 7.235840 4.359375 4.713379 5.067383 4.831543 4.595703 
5.181641 6.267578 8.021484 7.775391 2.532227 1.289063 6.866211 5.443359 4.837891 5.232422 7.279297 7.326172 4.995117 1.664063 8.379883 4.095703 
3.099609 2.396484 8.134766 10.873047 5.034180 5.195313 -0.245117 4.314453 3.615234 5.916016 6.923828 8.931641 8.141602 5.351563 0.077148 2.802734 
3.384277 5.149414 5.402832 3.656250 10.280762 6.905273 3.443848 -0.017578 3.010254 6.038086 6.499512 2.960938 10.262207 5.563477 3.591309 1.619141 
1.848145 0.651367 -1.611816 4.125000 7.209473 10.293945 5.433105 2.572266 2.960449 0.348633 0.068848 4.789063 6.669434 8.549805 5.797363 3.044922 
4.918945 5.011719 0.264648 3.517578 9.453125 7.388672 6.535156 7.681641 4.459961 3.238281 -0.245117 4.271484 5.558594 6.845703 5.835938 4.826172 
6.846680 5.980469 1.532227 5.083984 2.699219 0.314453 4.062500 7.810547 7.008789 6.207031 0.557617 3.908203 3.492188 4.076172 5.894531 7.712891 
11.409668 3.973633 5.424316 4.875000 3.298340 1.721680 1.461426 1.201172 8.484863 5.768555 5.681152 3.593750 0.604004 -2.385742 3.229980 0.845703 
4.732910 4.741211 6.190918 5.640625 5.750488 5.860352 5.356934 4.853516 1.638184 8.422852 7.250488 3.078125 4.519043 4.959961 4.842285 4.724609 
3.665527 3.579102 6.059082 6.539063 3.007324 1.475586 3.416504 5.357422 5.928223 6.499023 8.081543 7.664063 3.273926 -1.116211 6.317871 3.751953 
3.707520 3.487305 5.528809 5.570313 6.818848 8.067383 -1.422363 5.087891 1.104980 3.122070 8.049316 10.976563 7.868652 4.760742 -0.655762 3.927734 
