-3.993353 0.512290 1.534021 -1.197346 0.457658 -1.075837 -1.575628 -1.803985 
1.732106 3.975002 -3.990996 1.254096 0.566385 3.894552 4.789686 -0.564459 
4.727014 3.014702 3.322861 -1.022650 0.731303 1.077483 1.094165 10.468030 
0.591819 6.854662 -4.447377 4.277334 1.409642 -1.283045 2.823766 1.416434 
-8.119858 -3.736498 3.512577 1.332189 0.331739 1.076672 3.689935 2.304282 
4.243622 0.410821 3.147922 0.682525 -0.211621 -2.084311 0.858187 -1.518373 
-0.371348 2.233906 -0.369059 0.039722 0.937924 0.184019 2.147735 -8.103734 
2.445662 -1.205478 4.601580 -0.143687 0.832964 4.304456 5.099884 5.639112 
1.036222 0.485118 -0.226375 -0.403356 0.397025 1.453922 0.183133 -0.784532 
0.977763 -1.174487 4.689110 0.068296 0.763683 -0.062110 3.042026 -1.111306 
7.238958 8.250312 -5.343030 6.147086 -1.340788 4.106008 5.408959 2.398613 
3.152822 -8.389029 0.802852 -1.819370 8.321775 1.960676 3.075994 -0.565195 
6.895440 10.587960 2.631328 0.792319 -2.248444 3.588770 -3.155209 -2.757617 
0.339302 2.125244 1.422778 -0.998893 0.190814 1.484603 5.259215 0.994329 
-0.537073 1.481321 -1.254604 1.365324 -3.098480 1.251226 1.004744 3.853591 
0.263125 3.143017 -1.118662 1.085894 -0.807804 -0.945322 -5.250459 -2.233851 
0.097399 1.556273 0.964742 -0.313503 -0.971063 -1.986325 1.121121 0.238990 
-0.657984 1.908308 0.904663 -0.045100 -0.437772 -1.583313 -1.802303 6.106046 
3.976531 0.279890 5.346696 5.063702 -0.718189 0.305383 -0.984188 1.488992 
-9.576767 -3.378117 3.860588 6.114388 -12.536357 -4.117759 -9.659255 8.984388 
10.905756 -0.996750 0.607847 7.286995 4.329575 -7.416521 0.325586 3.834828 
4.148614 1.656693 0.590762 -0.986999 -1.459434 0.466938 -1.675589 4.542968 
2.812160 -0.638554 -0.441270 -6.254908 0.834272 -6.432574 2.983174 -3.933011 
1.898070 0.876131 -2.139361 2.797030 0.954836 2.661660 -1.063293 4.173059 
1.342264 -2.654037 -1.244577 -0.019489 -0.685516 -1.975847 1.369254 -2.414832 
1.014767 0.874668 -2.132984 -0.473630 -0.679979 -3.738215 0.414033 -7.407738 
4.548892 -4.620902 0.185891 -4.634067 3.033308 -1.081255 0.581510 1.740569 
-6.447077 2.459958 -22.533056 -10.007511 9.082265 1.953683 7.260386 -5.021755 
-0.136625 8.687354 -2.945357 -7.947026 3.895979 1.916677 -1.891958 9.451471 
-6.221650 -4.392935 0.032730 1.517849 0.637119 -1.316186 -5.349710 -8.661397 
0.426433 0.689788 -0.472977 1.698618 1.612086 -0.281927 -0.350424 3.817207 
-2.199108 -0.023407 -0.126152 -4.214625 0.417365 0.890878 3.329610 2.108047 
-2.240161 1.349710 -9.410155 -0.590764 -1.552758 -0.709973 -2.604298 -0.435832 
1.232856 -4.236068 -6.065578 -1.210054 -0.566555 -0.958044 -3.090406 -0.948833 
-8.595817 -2.859725 0.269681 -5.628664 -5.274591 -7.342273 -1.379739 -1.775511 
5.172940 1.151432 1.750247 -1.060322 -0.724603 -1.314851 -2.827117 -1.042040 
-4.851245 -9.252122 -1.139711 -1.177070 -4.315020 -4.040201 0.030139 0.568696 
-3.109012 -3.179805 -2.554652 -1.654214 -0.345307 -1.592739 2.138616 -0.772011 
1.503311 -1.518997 -0.178161 4.570425 0.507751 -0.187515 1.513713 -1.898805 
-2.241358 -2.491651 2.672602 1.093745 0.388989 -2.353074 -6.159359 -4.788187 
1.207557 -6.490572 7.638515 1.605253 0.282985 -8.612880 3.394816 2.593434 
2.705408 -7.821173 -4.238243 -1.556639 -1.900996 2.957319 -28.547418 -6.933761 
-14.491804 -1.672799 -4.658012 0.548195 -0.222108 -1.811758 -5.534057 -1.339091 
4.324817 -8.428627 2.705337 -1.988898 -4.354387 0.344941 0.207400 -10.615687 
11.441913 0.911644 -6.113053 -1.099382 -1.944830 -3.262621 -1.608324 -6.681710 
-0.024766 -0.048939 2.657421 0.085453 -0.674309 -3.748199 -2.565083 -3.437844 
-12.115263 -1.434125 -2.959077 0.377934 -1.046508 2.491077 -3.613316 7.037366 
7.907750 1.512153 -2.181342 -2.773683 1.242109 0.777768 2.498929 -6.122017 
8.131732 5.264038 -0.994470 4.404220 -3.164435 -4.901095 -15.874381 -2.711769 
5.195983 -3.796631 6.473446 -15.750481 0.230183 7.098184 -19.026807 -13.114384 
-14.941658 4.936493 -1.711212 -5.973838 5.446911 11.104467 -34.983461 -6.122094 
6.516108 2.943415 0.786229 6.384088 -14.061031 5.401723 -5.280435 3.352821 
-2.033592 -3.165135 4.035879 -5.281044 -6.477686 -6.308480 4.722324 -1.378691 
5.548478 8.185646 3.821748 9.256209 0.282955 1.609050 4.701842 -14.742150 
8.828375 -5.446501 0.152251 -2.251816 -8.159475 4.152264 -0.965669 -5.126787 
-32.057145 2.766961 -6.917648 -0.459657 1.627732 -0.133533 8.770682 -10.800684 
-6.002751 1.101165 -6.492416 -6.439293 3.734666 2.417807 7.646119 12.603378 
-2.819486 7.558021 -5.245686 6.650624 -3.056261 -4.551091 13.198186 5.450212 
10.498677 -5.903909 4.159669 4.372330 -0.002525 -11.075025 18.908803 14.125673 
-8.219994 -4.741271 -3.747307 -6.535683 8.476047 -7.482879 3.661646 -9.815087 
3.132121 -1.221270 3.789102 7.001944 -2.863404 -0.950580 -2.685637 7.028818 
-11.680959 -0.850545 -2.036094 -3.760594 -6.760870 -0.310524 -5.641412 8.954150 
1.654947 4.214577 3.169018 1.354384 14.293681 -9.020478 -1.594417 7.849925 
7.614606 -1.808239 13.520641 -0.204347 0.448973 2.250972 -8.554149 2.485237 
