-0.510832 1.450741 -2.954728 -1.739846 -2.271270 -0.156568 11.242756 -6.011115 
-1.951810 0.443052 0.531153 0.608274 -0.640539 -1.771665 -15.872787 5.231330 
3.894720 -1.146684 -1.205619 -0.695849 -1.119942 -4.879869 5.030759 -3.418073 
-1.663323 2.566005 0.879017 -1.714796 -0.087469 -3.784764 -15.551059 18.928717 
12.162492 0.406702 1.596733 0.530655 -0.011555 -1.699730 -13.000606 5.872968 
-5.127791 0.573845 1.572342 0.034978 -1.197638 -1.787296 -1.489836 3.123295 
1.499179 -3.776935 1.514598 -2.042790 -0.068373 1.580951 1.571687 -5.147329 
-0.744393 -2.450939 3.700519 0.160694 2.912644 -5.017245 -16.404088 7.171008 
0.212762 -3.748886 0.603892 -1.241078 -0.948278 0.364586 -2.557661 9.573694 
-0.862257 8.295750 -1.470639 -1.395825 -1.280228 -1.864136 -2.308814 2.627600 
3.677552 -0.868917 5.952976 -1.744515 -1.399341 -4.291869 -0.828567 -12.465129 
-9.069004 -6.942935 -8.887680 2.944884 -1.425758 -3.939988 -9.473485 22.196028 
1.681025 -0.553025 0.148037 -1.325955 0.813745 -0.175710 7.157444 -0.905074 
0.635839 -1.882299 -0.606344 -0.564205 -0.991812 -0.394661 3.350279 3.474509 
-0.518578 -0.853977 -1.474356 0.810679 0.015211 -14.026914 -1.439426 1.020151 
2.734903 -1.214929 1.889949 -0.347040 -1.459025 2.809171 -4.406271 -6.061678 
0.298375 -2.105021 -2.495616 -0.886065 -1.217867 2.288061 -6.945663 14.531214 
-1.498120 -1.395615 -1.293398 0.069747 -0.399505 1.040387 12.917160 -15.374544 
-9.144418 4.059474 -0.853587 -12.695086 -10.234187 -8.740466 3.449125 -5.796424 
-41.587593 -62.285182 -56.217730 -41.257440 -18.998652 -6.783150 26.606910 -93.353660 
-12.373230 12.326014 4.134004 -11.642271 -15.998797 -9.000233 3.741120 -6.186920 
1.902178 -2.473502 -2.269601 -1.420530 -0.284575 2.607330 -2.005055 5.026229 
0.187435 -2.700957 -2.235270 4.966257 -4.513830 2.911447 -2.963127 -2.829473 
-0.406260 0.445690 1.552829 -0.795064 0.414973 -6.805673 -13.817915 3.179417 
-9.379422 -2.993265 -2.615762 -1.944075 0.423795 0.111366 -12.815776 4.161271 
-4.655741 1.881778 -0.646000 -1.494385 -0.877107 -1.626851 9.629723 -13.391869 
-17.650563 -15.474787 -8.883344 -5.660492 -11.816941 -16.989308 -4.006311 -15.264976 
-46.379943 -53.560423 -17.036757 16.140509 -2.891511 8.563586 -6.948924 -72.953977 
-4.245687 -13.229105 -14.111675 -2.116235 -3.215592 -19.630679 5.553601 -30.245615 
-5.955014 -1.776923 0.429700 -6.139365 -3.960573 3.591256 16.949235 -22.126590 
-1.363320 0.980207 -5.338586 5.652502 2.008000 -8.792358 -8.149798 -1.774201 
3.383129 -0.461392 3.852815 -2.136941 -7.049901 -6.038780 3.114737 -2.206660 
-1.352755 -9.272077 1.083840 -1.000852 -2.698523 -1.659645 -3.463640 -4.044286 
-3.787414 2.087970 0.716727 -1.066606 -1.897052 -6.628582 3.298988 -7.346728 
-5.140947 -13.142953 2.190423 -9.741004 -2.421844 -7.377205 3.765354 -14.496708 
-48.762283 -20.613375 -54.937696 -42.269350 -21.913777 -1.582575 4.300328 -21.666479 
-4.073513 -2.102607 -3.492969 -13.844199 -9.214712 -7.704580 28.259424 -68.493714 
-0.562311 -1.489797 -2.074974 0.946033 -1.485353 0.127819 -4.914561 12.345269 
2.655340 -4.513758 2.072148 -2.121989 -2.866932 0.337056 0.462570 -3.447276 
-3.131333 2.828083 -2.677969 -0.662787 -0.721034 2.620668 0.690596 1.591606 
1.857722 12.698690 1.268861 -1.522350 -2.738299 0.827101 5.236585 -1.680521 
6.310350 13.698815 -0.520211 -2.458055 -3.442208 -3.489352 0.624025 12.521031 
4.274954 -7.315731 3.487107 -0.561049 -2.771567 -11.354286 -1.419592 -0.972484 
-18.945931 -13.148813 -7.019589 -2.764813 -2.357695 -5.467383 5.660808 -16.912022 
1.516070 1.052027 -0.044364 -2.000078 -1.197867 1.811346 -0.386926 22.903633 
3.134288 -0.353763 -0.163153 -2.220320 -1.325346 -1.550032 12.784145 -3.276330 
1.020594 -3.034610 -1.804775 -0.587592 -1.036463 -7.807664 -11.558584 -0.243603 
1.458670 -4.496449 -0.406581 -0.600574 -1.382396 -5.226637 -6.656686 5.587642 
3.357990 -4.080347 -0.700715 -1.470095 2.258920 -3.266933 7.904327 -6.362401 
3.758850 -3.030826 -6.938990 3.972505 -2.538821 0.664190 -29.494218 14.416472 
2.621748 2.187320 -2.347095 -2.348288 0.000829 -5.643651 2.598783 11.368862 
4.283059 -0.779671 -0.751494 -1.061459 2.334078 -0.105193 2.490841 5.573346 
10.343815 2.756796 -0.767877 -4.624202 -0.150472 0.165571 4.143584 -3.634331 
0.521001 0.165058 -1.428194 -4.922831 -0.853132 -1.058604 -16.917774 9.317706 
1.839138 -0.405734 3.731772 -1.805568 1.871690 -2.007043 -3.532439 2.422619 
2.754104 0.732985 -3.653890 1.686028 -0.732427 -2.351347 3.856531 -3.228723 
3.560508 0.728280 -0.857791 -0.576703 0.156150 -2.447952 -3.380386 7.292813 
7.284707 -3.596677 6.261722 -2.697214 -3.659633 -14.663700 -4.779556 6.513866 
0.562012 5.524902 0.521758 0.515952 -0.962047 -9.972316 -10.211737 10.108479 
3.649111 -1.371116 3.331524 1.038298 0.334582 -5.567277 -20.751189 14.491212 
0.272890 1.731516 -2.586290 2.476070 -3.121825 -5.532826 -13.080252 7.354563 
4.286222 -1.078843 -2.900428 4.395423 -1.899378 -3.075954 -9.302217 -0.051399 
0.086614 3.117851 -1.268484 -0.190809 -0.033152 0.623955 -5.162391 9.975408 
0.697875 0.894379 -0.121466 0.548201 -1.054226 -3.404202 -2.030575 -1.013205 
