1.049955 1.766836 0.356671 -1.723981 1.904655 -2.672761 0.157194 -0.826603 2.061282 -1.729480 -0.131825 0.017717 0.593309 2.034699 -0.465059 -1.318223 
-1.164309 0.774783 -0.805905 0.433591 2.193005 -1.813882 0.863841 -2.735599 -1.507964 -0.015280 1.230523 -0.474650 -1.605187 1.621066 1.363004 1.380229 
2.023945 -0.323695 1.843373 -0.643046 -0.104518 1.105230 0.579788 -2.092847 -0.824802 -0.435337 -0.743932 0.118969 1.714113 -0.783285 0.024071 -0.792749 
0.491594 1.044969 0.092898 -0.364623 -0.322164 -1.932428 -0.438430 -0.270434 0.884534 1.548661 -0.225318 1.650111 -2.981541 1.815077 -2.486617 3.837360 
-0.603943 1.358052 -0.885723 0.558612 0.495244 -1.758346 -0.607411 -0.601921 3.148729 0.939585 -0.443375 -2.977638 -4.249001 -0.660010 -6.486557 7.019666 
-0.047175 0.793816 -0.135968 -2.142082 3.653534 -1.738818 1.755396 -0.180879 -1.822439 0.109742 -0.038034 -0.302488 0.300877 -3.639927 2.279865 -2.725746 
-0.419245 1.592485 0.327256 -0.594541 -1.801686 0.325968 -0.168499 0.304363 -0.497637 -0.920492 0.820511 -2.120768 -7.016698 -0.848491 -8.039014 4.259886 
3.915709 3.732349 -0.848894 -1.288127 1.317696 0.627012 1.770906 0.400782 -0.968229 0.002985 0.272231 -2.228316 -4.993897 -3.467216 -8.021145 4.778611 
2.936407 2.670092 3.471131 1.893410 0.566139 0.683059 0.411338 -1.067142 1.235893 1.279434 0.589444 1.286552 -5.914566 0.806689 -6.140217 3.569266 
0.548502 0.395515 0.432523 2.470455 -2.130417 -0.215429 0.822658 1.407414 0.224242 -0.953439 -0.680107 -1.300910 -0.203851 -3.770183 -0.407130 -0.520944 
-2.293747 1.601750 -1.377753 1.685775 -0.750648 0.876559 0.246639 1.928431 -0.663299 -0.880145 1.138141 -0.185189 -0.104704 -1.532098 -0.933121 0.722180 
0.981716 -1.033327 -0.539045 -0.845032 -0.191765 1.343023 -1.366885 -1.009266 0.860560 -0.802377 -1.575844 -1.155133 -2.467219 -7.242898 -5.488411 1.302493 
0.103932 -0.794236 -0.277146 1.240617 -2.220104 0.437747 -0.015751 1.792651 -0.217877 -0.206601 0.927615 -0.553316 0.453197 0.952290 -2.321354 6.510760 
0.255898 -0.799425 0.567182 1.133473 -0.387081 -1.854990 -1.164994 -0.322829 0.092607 -0.185434 0.648242 1.629485 -0.053788 0.167252 1.873222 -0.869978 
-3.362447 0.591088 0.847326 0.545490 -3.501389 0.818866 2.566759 3.645308 -0.131852 -3.950502 0.626776 -3.107326 -2.791578 -2.826663 -2.426199 2.201573 
-0.561194 -1.785685 -0.438850 0.077642 2.132298 2.025293 -0.190483 0.367141 -0.593425 1.168400 1.938509 -1.099001 -0.544116 -3.916541 -6.159897 0.899930 
0.281310 -0.196261 -1.081511 0.536796 -0.871265 0.316638 -0.555493 0.400207 -0.982826 -0.324859 -0.502938 -0.744020 0.611832 -0.596691 -3.525162 0.456879 
1.403659 -1.318347 0.779209 -0.220656 0.173558 -0.428884 -1.244960 0.171824 -0.468451 0.155442 -1.580811 -0.433688 0.811574 0.768296 2.470336 -2.017785 
-0.124172 1.957514 -0.299471 1.745657 -1.241739 -0.412536 -0.503685 0.955208 0.973332 1.808870 -2.581726 0.360056 -2.007773 1.032364 -1.523357 -0.405857 
0.424456 -1.973206 0.473560 0.896665 0.686106 -0.011908 0.192493 -0.568102 -0.772959 -1.248524 -0.333421 -2.712419 -0.305131 -7.127681 -8.481865 -0.132135 
1.227475 -1.483904 0.588209 0.360974 -1.560379 0.934453 0.048006 0.330094 -0.520708 -0.622175 0.064431 -3.013679 -1.473280 -1.659434 3.747069 -1.099489 
-1.447808 0.719698 1.693365 0.672211 -1.711962 0.638618 -0.729847 -0.550142 0.097168 -0.404122 0.227190 -1.464093 -0.680191 0.669070 0.192312 4.398467 
1.202967 -0.356936 -1.187041 0.565131 0.841458 -0.714130 0.191844 -0.916491 0.131491 -0.400255 -0.281510 -0.631998 -0.779718 -0.580396 4.449292 -5.925807 
1.051355 -1.538953 0.339688 0.729163 0.525570 1.627224 -1.875818 -0.384281 -0.622710 -0.178837 -0.901939 -0.312089 0.552937 -0.881113 -9.429175 8.845986 
-0.279158 0.753713 4.606732 3.900436 0.270533 0.550221 0.362402 -0.462539 -0.412589 0.078143 0.399352 -0.516085 -1.566035 -4.215925 7.241027 -5.725725 
-0.569398 5.382634 2.151332 0.381932 0.866140 -0.055509 -0.357400 -0.074295 -0.024546 0.162023 -0.165487 -0.367020 -0.169654 1.144128 -8.131580 8.410696 
-0.274740 -0.669044 2.511876 -0.620662 -0.797132 0.539629 0.564530 -0.003871 0.200261 -0.371396 -1.330596 -1.355627 -0.440437 -0.925964 -8.630442 0.777948 
3.262495 0.059941 -1.303569 0.296339 0.730387 -0.576231 0.090727 0.094515 -0.270648 -0.480920 0.563626 -1.098652 0.710335 -0.478579 -1.345613 0.614086 
0.980164 0.078928 -1.112686 1.308768 -0.882256 0.258966 0.078887 -0.269852 -0.752086 0.755362 -0.551747 0.955376 -1.322578 2.738132 2.328756 -2.068393 
0.580619 0.772968 -0.455111 -3.505410 1.185399 -0.547313 1.056598 -0.365111 -0.469378 1.112905 -0.778592 -1.556076 0.045988 -2.676930 5.798792 -3.052319 
-0.842623 0.446764 0.731250 2.380209 -4.106097 2.001463 1.568775 -0.385371 -1.394719 1.353867 -1.657575 0.312348 -1.590619 -2.047645 -5.643535 0.719715 
2.382475 -1.152706 0.941109 -0.376819 -1.132625 -0.364604 0.736739 -0.007073 0.693636 -0.316593 1.809704 -0.316656 -3.642427 -3.358039 -0.790392 -1.291410 
-2.904268 -0.547059 -0.090642 -0.420179 0.338410 0.397967 -0.863873 -1.273399 -0.448276 -0.739340 0.067047 0.092012 -0.245625 0.917168 -0.650408 0.629582 
0.028982 -0.761967 0.952005 -0.272669 -0.576885 -0.708794 0.221036 -0.592278 0.222969 -1.899915 1.394644 -0.189058 0.241216 1.312550 -0.202975 -1.900618 
-0.248150 -0.255532 -0.314955 -1.081685 0.369308 -0.998319 -0.402247 0.054195 -0.046459 -1.054358 0.343522 -0.273646 0.651939 -1.203717 2.623060 0.563108 
-0.516599 0.837936 0.451693 -1.445048 0.866204 2.306508 -0.195908 -0.156965 -0.100052 -0.884469 -0.227434 0.123217 -0.803385 3.298103 1.459310 0.175059 
-2.178711 2.877107 0.810737 0.414474 1.780415 5.154127 1.017175 -0.444180 -0.478458 -0.547279 -2.501991 -1.416351 0.254389 -4.090371 1.694545 0.568834 
2.353928 2.535717 -1.243209 0.343572 0.589422 -3.462461 0.670799 -0.016891 -0.469775 -0.839743 -4.072447 0.479515 -4.210862 -0.290086 -8.740013 1.739555 
-1.595252 0.520630 -0.829445 -1.561587 -0.298553 2.045058 -0.931388 -0.659469 -0.703504 -0.599842 0.364956 -1.062165 -0.230270 -0.303274 0.587866 -1.976141 
8.352047 -1.053235 -0.018925 0.458007 -0.652485 -3.967249 -0.428029 -0.562005 -1.019895 -0.379530 -1.367771 -0.447984 -0.359295 1.536708 -3.638627 10.180863 
3.385399 -1.185042 0.369707 1.735987 -0.169982 1.687804 -0.482727 -0.800516 0.151608 -1.166686 -0.724689 -0.865546 -1.140435 -6.555176 -6.868804 1.602244 
2.094082 0.131138 0.434567 -1.242522 0.317482 0.065785 -0.097968 -0.464634 -0.413592 0.202191 -0.727881 -0.642170 0.337347 0.987993 -3.231016 4.780086 
1.350436 3.700920 -1.467986 0.120421 -0.049245 -0.180338 -0.126382 -0.168780 -0.032979 -0.839462 -0.383101 0.227808 -1.073361 0.368515 5.266718 -3.657044 
1.354930 0.194490 -0.051578 -0.082296 -1.097631 0.649669 -0.278620 -0.000652 -0.174846 -0.930162 -0.238345 -0.128993 -0.270666 1.429823 5.115905 -2.439821 
-0.106647 -0.348041 -0.169588 -0.622590 0.004688 -1.115574 1.046699 -0.692149 -0.110043 -0.228589 0.080913 0.438207 0.030327 -1.314854 5.323711 -2.924042 
1.075342 -0.721580 -0.429855 -1.016474 0.873004 0.656911 -1.253392 0.844745 -0.404138 -0.532393 -0.537914 1.177061 -2.813507 -2.970767 -9.217506 3.065891 
-0.233965 0.971856 0.073825 -1.493843 0.042297 -0.822590 0.046687 0.854869 -0.163054 -1.163383 0.963540 0.778548 -3.622685 -1.046573 -1.509092 -0.131954 
1.712193 3.107802 -0.429727 0.651499 -0.375947 0.287739 -0.016549 -1.061378 -0.195799 0.325131 0.203853 -0.363317 -0.109954 -1.580411 -4.254785 -0.001396 
0.086081 0.494083 -0.434937 -0.095171 0.875698 -1.292976 1.545105 0.555584 -0.341314 0.410172 0.163875 0.567847 -0.398301 0.764181 1.637139 -0.709916 
2.197648 0.075944 -0.270060 -0.245362 -0.610700 0.545546 -0.975188 -0.112443 -0.641573 0.065664 -1.680985 0.171958 0.054967 -2.559532 -3.408152 3.305940 
-0.433798 4.038644 1.419298 -0.028781 -2.056083 -0.303003 0.092083 -0.076375 -0.981827 0.446771 0.196590 -0.871269 0.915315 1.844365 -0.737998 2.291306 
1.431087 -1.614384 -0.145249 -0.966926 4.616848 -2.496889 0.166923 -0.431765 -0.334494 -0.809705 -0.915698 0.147308 -1.131378 -2.547613 1.080948 0.116671 
-1.630008 -0.054939 -2.975996 2.788668 1.042167 6.195061 0.404896 -0.257378 -0.652938 -0.488800 0.797002 -0.713401 -4.954640 -2.260607 -0.327882 -2.928259 
-2.506971 0.008290 1.892447 -0.924380 0.958104 2.378702 0.550163 -0.605511 -0.841283 -0.686300 -0.420965 -2.421054 -2.053567 -1.002244 1.156814 0.742562 
-0.205046 -1.780834 -1.764016 1.887644 -2.678079 -2.997770 0.892329 -1.274864 -0.792672 -0.419153 0.851153 -0.452407 0.677746 -3.945083 0.967292 -3.336881 
0.631220 -0.656855 -4.064484 0.144778 -2.868017 -6.040374 -0.998424 -0.507330 -0.847658 -1.174833 0.044076 0.260336 -0.964739 -1.773060 0.523289 4.749896 
2.117592 -4.067684 -4.208140 -4.476710 -0.417921 -1.014657 -0.772420 -0.933715 -0.865257 0.033033 -0.645617 1.652870 -1.841975 -0.814532 5.763697 -0.445765 
-0.772751 3.597326 1.877714 2.403203 -0.346386 -0.036727 -0.512216 -0.630457 -0.537423 -0.660011 -0.362778 0.288949 0.703741 1.417634 2.312000 1.337531 
1.401234 -2.574968 1.517496 0.106209 -0.078273 -0.193768 -0.322616 -0.430240 -0.516457 0.026930 -0.470954 -0.833603 0.252930 1.606550 3.748646 0.072057 
-0.359396 -1.844012 0.081087 -0.180009 0.013366 -0.325294 -0.561381 -0.342661 -0.069627 -0.466152 0.634104 -1.008514 -0.543395 -1.569679 1.205156 5.293242 
-0.446688 -0.540873 -0.067945 -0.406316 -0.632383 -0.422804 -0.122252 0.489365 -0.591889 0.116872 -1.046917 0.517816 -0.014087 -1.673259 -0.535803 0.017768 
0.562542 0.079803 0.535280 -0.352237 -1.082271 0.164805 -0.359668 0.790689 -0.467026 0.257689 -0.132345 -8.215490 -3.767756 3.384863 2.729742 -3.035866 
1.877619 -0.560135 -1.452671 -0.385012 -0.512924 -4.255622 3.022819 -0.005128 -0.346666 -0.393703 -2.795181 1.165557 -5.894448 -4.123626 1.940732 -0.180239 
-1.610569 0.426271 0.183709 -0.131214 -1.740782 4.062493 -1.244525 -0.304958 0.384481 -0.840909 0.225500 -0.856128 -0.366544 -3.380249 3.148019 -1.630653 
-1.046010 0.731645 -1.065210 -1.229324 -1.048316 0.508182 -0.421745 0.259468 -0.089953 -0.265800 0.996954 -1.107558 0.142586 0.946697 4.377187 -2.909999 
6.617284 -0.424073 0.499214 -0.456118 -0.713874 -0.466495 -0.124392 -0.855820 0.076819 -0.957767 -0.560520 0.526873 -0.071644 1.152797 -0.740293 3.942417 
5.299316 -2.030668 0.358226 -1.679697 -1.047747 -0.161496 -0.331711 -0.334963 -0.379282 -0.466407 -0.187948 -0.571792 -0.623771 -1.157576 0.307600 7.007913 
-3.549444 -0.977621 -0.912569 3.308666 1.707755 0.030446 -0.266844 -0.410092 -0.491329 -0.092244 -0.884451 -0.244667 -0.475806 0.433134 -10.772372 2.432545 
-2.679756 0.894694 1.531649 3.870149 2.976806 -0.685346 -0.008553 -0.480693 -0.614818 -0.620149 -0.309691 -1.202973 1.944497 0.541516 0.453357 -3.038160 
1.018653 -3.177459 2.272914 1.908691 -1.710348 0.779579 1.696045 -0.909939 -1.039115 -1.273802 -1.539617 0.369626 0.474917 1.235905 -1.004105 -12.332384 
-4.281790 -4.718950 -1.898535 -9.674150 -8.970208 -13.622324 -10.590171 -2.198757 -1.212283 -4.704610 -1.647609 -1.818824 -2.213667 1.275501 1.140544 -6.831981 
-10.310275 -4.445826 -9.383816 -15.941351 -12.970823 -5.444800 -8.838978 -5.966729 -1.403896 -1.173830 -5.862581 -6.446157 -4.511413 -2.812958 -0.349990 3.226864 
-12.144751 -3.688967 -5.813340 -14.734324 -1.000449 -2.225223 -0.809666 -0.847861 -2.632749 -0.134571 -4.843269 -8.332642 -2.907980 1.528936 -7.232663 1.202861 
1.270982 -1.591470 -0.945929 2.472694 -1.126357 -0.610394 -0.495951 -1.137590 0.380636 0.221537 -0.666637 -1.065986 -0.584206 0.743427 -3.998908 -3.948226 
7.362551 4.607352 -0.273834 -0.003934 0.206690 -0.596047 -0.555376 -0.495822 -0.863303 -0.324932 0.390593 -1.191997 -0.278978 0.438944 2.498626 0.711025 
2.384226 8.710165 0.045977 -0.053064 -1.419771 0.052716 -0.211881 -0.351740 -0.583285 -0.871537 -2.494623 -0.662935 0.271842 -0.664449 -2.409592 0.451527 
0.911612 -2.225896 0.117683 -0.768024 -0.266677 0.450329 -1.034425 0.202049 0.077519 1.059842 1.544656 -0.664040 -4.998905 -1.238422 -1.774512 1.033677 
-0.078996 1.221411 0.422827 -0.801733 0.795687 -1.271418 2.412224 -0.736112 1.982214 -1.657630 -2.142255 4.405956 -0.240501 -7.515598 -4.858779 1.800736 
-1.221675 3.831700 0.427526 0.262693 -1.147423 2.577506 -2.042957 0.675040 -0.760142 1.266426 -0.133804 -4.246360 0.857622 -2.989270 -7.676927 -0.596164 
0.911837 -0.569266 1.614083 1.377739 1.512020 -1.917266 -0.080002 0.732554 -1.707468 -0.919326 -0.624301 -0.052452 0.790216 -6.461602 -9.754425 1.504107 
-1.837499 -1.110464 -1.113011 -0.628894 0.623670 -0.526890 -0.005048 -1.090600 0.608247 0.057044 -0.327143 0.443116 0.971370 0.358516 -0.759375 -0.846734 
2.492912 1.303659 -0.387110 -0.476600 -0.860519 -0.519770 -1.024250 -0.185674 -0.773501 0.505053 -0.996392 0.014476 0.054986 0.245857 -9.051081 3.941589 
0.862205 3.636456 -0.670913 -0.619553 -0.535075 -0.401395 -0.420872 -0.381056 -0.581164 -1.210556 0.529074 0.042619 1.271882 -2.161052 -0.084500 7.035174 
-2.404679 -1.226182 -0.241340 -2.266076 -1.311492 -0.009636 -0.155687 -0.384072 -0.463448 -0.091541 -0.133927 0.289912 -0.549487 1.068388 9.933592 -11.054744 
-6.204289 -1.630173 -3.314529 -0.869778 3.566935 0.201538 0.098978 0.005222 -0.639371 -0.733782 0.433412 0.911830 -1.848212 2.305676 -2.859658 6.469588 
-1.232509 -3.435083 -0.257909 3.754445 -0.437245 2.136932 -0.525615 -2.951690 -3.325572 -0.283455 -2.317211 -4.817514 -1.463043 -1.348902 5.322785 -3.415151 
-9.010727 -8.350969 -17.093372 -16.015350 -9.498483 -11.647036 -12.699633 -11.190342 -16.175471 -11.533134 -11.861688 -4.338770 -5.557842 0.961673 -5.773329 -9.795174 
-24.275672 -21.065050 -16.150794 -14.874966 -25.614957 -23.792952 -18.063665 -18.219709 -14.629993 -6.866269 0.734289 -2.373445 0.217335 -2.367576 9.106787 -27.446476 
-12.105912 -6.677173 -10.454759 -3.532357 -0.900420 -1.616804 -5.309583 -8.119763 -13.589583 -15.591586 -6.345680 -0.363043 -1.688227 -2.470638 13.152497 -31.169597 
-1.684855 -4.472530 -1.995427 2.071992 -1.484564 -1.964766 1.153116 0.819275 -7.439662 -5.688401 -3.089694 -1.971847 -2.343017 1.779267 -5.989713 2.640051 
-2.211433 -2.355752 -0.352571 -0.033045 -0.683560 -0.687754 -0.746083 -0.561640 0.555677 1.988519 -0.974564 1.506378 -0.352917 0.306244 1.323457 1.859090 
-0.874035 -1.587656 -0.254660 -0.567322 -0.525673 -0.604057 -0.588212 -0.746143 -0.845673 -0.967268 -0.729944 0.704936 -0.173701 -0.109116 -2.529602 4.749447 
-1.184805 -1.075207 -0.421802 -0.232192 -0.455865 -1.700348 -0.080991 0.180440 -0.541701 1.813334 -1.855829 -3.198744 1.868548 0.843528 0.118151 1.757538 
1.895246 -0.764270 -0.106937 -0.630381 -1.097836 -0.083615 -0.235499 -1.317406 1.895818 -2.073521 -0.077701 -1.736759 -0.356374 0.017491 3.528841 -4.091601 
0.462117 1.741893 0.929279 -2.083589 0.418906 2.718423 -4.697778 2.556340 -0.343113 -0.284647 0.133727 -2.018097 -0.922595 -2.326533 -14.017150 3.796792 
-0.025368 -0.913154 -0.093192 1.087537 -1.084498 -0.009615 2.927605 -0.639653 -0.637424 -0.873464 0.478912 -0.634258 -5.539886 -0.332988 -1.738070 -1.564201 
-1.745919 -0.176457 -1.934105 -1.037899 -0.733981 -0.355999 -0.899164 0.274062 -0.138712 -0.209359 0.515887 0.331206 0.619144 2.606964 4.593155 -3.709373 
-2.061419 -1.120716 -0.409031 -0.645612 -0.823518 -0.893945 -0.166020 -0.834317 -0.492463 -0.647910 -0.102905 0.183825 -0.022356 -0.759075 5.202397 -3.028948 
3.877334 -2.331888 -0.485130 -0.928675 -0.680623 -0.495230 -0.488824 -0.484880 -0.167842 0.651045 -2.945387 0.517985 -0.245738 2.409299 3.731021 1.777962 
-0.819569 -2.885478 -1.222493 -0.819236 -0.401463 -0.429573 -0.616077 -0.243822 -0.827896 -0.449441 -1.165921 -1.004343 0.720888 -0.320795 6.101572 -3.972845 
-4.240655 -3.053578 -2.352877 0.897216 0.064314 0.097214 -0.802993 1.003529 -3.693869 -1.333597 2.143107 -0.440655 0.721503 -0.178943 -2.551587 -7.591270 
-3.856655 -3.583423 -2.462533 -7.984273 -1.083027 -3.445538 0.846329 -7.944215 -1.865689 -5.249321 -2.968384 -4.827433 -2.266797 -2.008746 -3.239311 -3.729842 
-11.859283 -11.912750 -14.743437 -13.606759 -8.422883 -9.615319 -15.240337 -6.620208 -0.556771 -9.336984 -4.540303 -3.645258 -6.070697 -4.196230 7.560292 -14.599416 
-19.438883 -16.221130 -9.182410 -23.098684 -18.439126 -14.264030 -11.863810 -3.929060 -3.155753 -7.797639 4.442822 0.011737 0.675964 -4.641017 -3.879170 -21.901125 
-6.802664 -11.175892 -9.464340 -4.419537 -5.355862 -1.733385 -8.549568 -6.290713 -1.620646 -4.904148 -9.217186 -0.407333 0.355123 -6.842503 -0.302225 -7.014591 
-4.286942 -3.495380 -0.151063 1.212959 -0.602905 -3.425327 -1.507620 -7.457878 -2.245789 -4.167146 -4.591785 -12.022685 -3.011465 0.262764 4.722013 -8.131861 
-3.118322 -2.810815 -0.899449 -0.623272 -1.023193 -0.465544 -0.893746 -5.137815 -2.705928 -4.389267 0.437488 -0.737847 -0.544063 3.065446 4.932431 -8.163065 
-1.919874 -1.856832 -1.369653 -0.792263 -0.915981 -0.871944 -0.923728 -0.210588 -0.282282 0.276884 -2.319674 1.015618 0.936189 0.742618 3.958744 -3.533624 
-0.154277 -0.586504 -0.928657 -1.414435 -0.015005 -1.105364 -0.819930 -0.494432 -0.237107 0.669491 0.771556 0.514886 1.190893 2.177762 5.239526 -4.906359 
-1.627093 0.687173 -1.322855 -0.840876 0.020664 -1.309211 -0.874707 1.032881 3.240411 -1.270759 -1.849584 -1.371730 -0.068824 -1.040148 4.873552 -1.759281 
-1.531837 -0.957173 -3.115198 2.145838 0.035268 -1.521541 -1.306224 0.437089 -2.523059 -0.514887 -1.771935 0.200981 -0.631582 -2.421481 1.768997 -3.334186 
1.241050 -0.235649 2.170410 -0.046721 -1.021983 1.218842 1.643729 1.028226 0.413317 -1.761765 -2.814269 0.077684 -3.894543 -2.680939 -1.589785 1.200610 
-3.340600 -5.219597 -1.370187 -1.796693 -0.336545 -0.809682 -0.843601 0.376605 -1.117780 0.954009 0.652314 0.181191 1.883021 0.082178 6.855450 -4.517528 
-5.049963 -2.734197 -1.832839 -1.522323 -0.872212 -0.464144 -0.520094 -0.576944 -0.527050 -0.399913 -0.286426 1.308036 0.041004 1.668281 -16.233815 7.914214 
6.094535 -1.146243 -1.693142 -1.248370 -0.678720 -0.522305 -0.286005 -0.286198 -0.900480 -1.130041 -1.443068 -2.384611 -1.343684 -3.512152 -1.455802 3.767661 
-0.035671 1.929631 -1.673173 -1.147522 -0.749992 -0.266815 -0.683726 -0.495898 0.580186 -1.190777 1.365173 -2.084159 -0.760663 -0.722485 5.105827 -6.149046 
-6.068042 -3.445193 -2.030446 -0.881713 1.791889 -0.079410 -0.170673 -4.521319 -1.274331 -4.001318 0.719405 -0.296535 0.728103 -1.790340 -0.184376 -4.915482 
-3.875040 -4.453511 -6.064047 -0.932446 -11.547853 -3.461093 -4.305496 -0.669869 -1.625492 2.416317 -6.921817 -7.424393 -4.608553 0.562034 -0.223351 -4.129611 
-10.164341 -12.514259 -13.715650 -8.081587 -9.411194 -11.040030 -3.184083 1.331461 -0.805946 5.204831 -18.052090 -3.281663 -4.864087 -10.278542 -5.793754 -12.181048 
-17.889331 -14.992680 -14.804777 -18.940631 -11.878407 -8.787342 3.924165 -0.032413 -0.029413 0.633725 3.303329 -0.607165 0.138517 -0.950546 0.252036 -25.492907 
-12.095071 -9.371775 -12.554284 -14.143229 -16.971331 -5.714721 -5.625902 2.066752 -0.671419 1.556871 -1.419562 -1.280667 -0.387664 -11.755522 -5.685605 -10.174632 
-9.332157 -6.406997 0.507724 -2.368361 -4.194421 -4.414088 -3.718424 0.982623 -0.287227 2.500766 -0.688051 -0.974920 -8.134183 0.901859 -2.199395 -9.067636 
-3.705475 -2.258150 -1.279400 -0.812279 -1.361932 -0.702061 0.210272 -2.525556 -5.875553 -6.063258 -1.180614 -2.102128 0.053399 -1.553735 4.197538 -3.673679 
-3.786647 -1.824866 -1.329425 -0.955179 -0.982375 -0.880289 -0.821300 -1.534354 0.646566 1.674303 -1.043120 1.552092 -1.584151 -0.025980 4.297130 -4.583986 
-2.524647 -2.326465 -0.759283 -0.330545 -0.217513 -0.493255 -1.178002 0.266580 -0.026374 0.893368 -2.232266 -4.123829 -3.272594 -4.592288 2.003663 -3.712743 
-5.081680 -2.790535 0.153783 0.606660 -0.448160 -0.530750 0.600264 1.530088 1.615615 0.666424 -2.180453 -4.464019 0.357253 1.188507 -5.667837 3.693636 
2.094197 -1.111861 3.712048 0.857648 1.061792 -0.616199 -1.265040 2.288814 -3.612344 -1.153361 0.609482 -5.532115 -1.337726 -2.188796 -0.363702 -2.429996 
0.039860 4.753575 -2.220183 1.206088 -2.251087 0.918043 1.237986 -4.267652 2.662922 -2.569110 -2.339551 -2.200886 -4.477180 -2.121683 -1.427687 1.956378 
-2.749056 -1.511973 -2.077824 -0.681545 -0.969709 0.120151 -0.624100 -1.119518 0.743394 -0.666897 -0.467077 2.194575 -0.316284 0.691425 2.120407 -2.091561 
-1.743967 -2.058519 -1.475861 -1.094818 -0.875286 -0.905050 -0.311656 -0.271965 -0.968364 -0.456747 -0.967752 -5.767735 -2.631248 -4.619495 1.817637 -4.666308 
-3.685145 -2.518877 -1.203760 -1.268472 -0.896079 -0.477991 -0.440999 -0.735382 -0.261203 -0.253155 -0.203559 0.831693 -2.983877 -5.541254 -0.424802 -1.914352 
-4.420638 -3.831823 -2.037260 -1.362643 -0.721820 -0.511024 -0.321488 -0.290375 -1.199929 -0.018176 -1.875420 -0.928269 -3.516250 0.619882 -2.374759 -5.278605 
-3.262183 -3.212979 -2.641778 -0.585895 -0.121661 0.120402 -0.711540 -1.172325 -1.905352 -0.571488 -0.137321 -2.297707 -2.334405 -2.821480 5.311710 -7.207400 
-4.760592 -4.899451 -2.552816 -7.424297 1.735762 -0.016140 -0.585418 -4.535931 0.539936 -4.242321 3.096131 -5.916604 -4.699170 1.635451 -10.009745 -4.264224 
-6.030567 -5.659217 -11.286159 -16.262284 -14.325583 -4.372474 -7.344186 -4.508549 0.435371 0.009136 -14.486343 -5.265851 -5.052185 -4.729441 7.700683 -11.328962 
-12.389609 -24.621524 -22.231892 -11.699878 -11.103648 -16.269045 -11.034421 -0.026113 1.544095 -3.317305 3.073426 0.278330 0.555080 -6.403225 -4.951500 -16.954919 
-23.680396 -14.169181 -7.885614 -13.132745 -9.618508 -16.398615 -11.366814 -4.170333 1.449369 -1.893133 -13.352822 1.052145 -0.211372 -7.181836 7.491639 -29.367718 
-5.149058 1.434619 -5.401760 -3.679008 -1.907918 -3.463901 -2.321327 -2.124793 -0.205590 -3.905055 -3.725670 -12.699072 -4.056513 2.272871 5.143019 -17.817061 
-3.790879 -0.749006 -0.957388 0.335270 -1.290928 -0.873310 -0.421102 -3.376422 -3.776667 -0.919997 0.187040 1.879927 -0.242355 0.593946 -1.399686 -0.522403 
1.846297 -2.748971 -1.169485 -0.840755 -0.961959 -0.738798 -0.706916 -0.422484 0.506824 -0.610884 -1.870503 0.488719 -0.420615 0.007976 3.238718 -5.240088 
-2.569259 -0.741411 -0.697199 -0.878842 -1.026925 -0.596363 -0.317923 -1.426184 0.295467 -1.394853 0.954920 -1.386650 1.052389 -1.404589 4.472988 -5.331629 
-0.941999 -0.228994 1.630624 -1.208424 -1.960623 -0.695096 -1.752031 1.799809 -1.144969 1.562362 0.821067 0.407344 -2.348621 0.271714 -6.134668 2.141468 
-1.618829 1.899389 -1.292779 -0.042508 0.085486 -0.663142 2.044182 1.098740 1.650548 -1.607562 -1.202274 -1.779588 -0.146046 -2.328054 -2.744958 2.097075 
2.791327 2.150984 1.371350 -0.718174 1.947868 -0.341754 -0.666621 -2.293211 -0.028274 -0.971979 0.423454 -0.265666 0.231135 -0.068486 -0.737020 2.870053 
-0.103728 0.286242 -0.187873 -2.417634 -0.565686 -0.885859 -0.919974 -0.294208 -0.779096 0.344989 0.034870 0.125763 1.342897 0.414274 1.232617 0.612344 
-2.957542 -0.569212 -1.010998 -1.138592 -1.467366 0.204354 -0.377367 -0.323124 -0.528843 -0.820757 -0.330342 1.774655 -1.202382 0.671614 -8.337946 1.966570 
-1.155075 -3.017852 -2.431640 -3.172460 -0.774890 -0.089231 -0.168585 -0.246920 -0.422678 -0.651530 -2.216318 -0.791340 -2.009789 1.388453 1.248192 -4.042630 
-0.611399 0.241023 0.748974 -1.386715 0.300175 0.302549 -0.248819 -0.506371 -0.550603 -0.638791 0.922050 -2.388288 -2.323610 -1.482601 0.055949 -6.316865 
-5.608752 -2.050973 -2.910434 -0.731714 -0.209504 0.028667 0.710901 -0.495706 -0.570501 -0.077268 -1.560462 -0.354345 -2.368053 0.976712 -5.149568 13.844048 
-3.463484 -4.114484 -4.229148 -1.030218 -0.245942 -1.501688 -2.382183 -0.826180 -6.687637 0.568386 -2.133327 -0.912977 -1.705747 -4.304564 3.895245 -5.746153 
-5.288781 -2.481728 -3.557987 -12.097500 -14.003443 -4.464589 -6.142117 -9.973963 -8.666735 -7.411827 -2.210674 -1.422065 -4.770740 1.770539 2.020808 -4.182428 
-4.513128 -17.182036 -14.858007 -8.896494 -5.302177 -18.587374 -10.018664 -17.012891 -15.362463 -9.108233 1.227271 0.758550 1.055691 -1.159211 -2.108517 -3.713571 
-14.452397 -7.517020 -9.076799 -4.684798 -3.230492 -3.165682 -24.576024 -15.101793 -17.512091 -16.723623 -5.033576 -0.508506 0.132924 -2.533232 6.365176 -5.679857 
-11.414087 -9.442508 0.385741 1.386762 -2.370969 -0.837281 1.859161 -3.000997 -3.982838 -0.475943 -1.257263 -1.925245 -1.942450 1.161870 5.047751 -30.292604 
0.576500 3.756084 -0.158865 0.456713 -0.748361 -0.489087 -0.117241 -0.768745 0.402523 -0.259297 -0.285088 -0.190569 -0.012093 -1.984424 3.232986 4.142817 
-0.838592 -1.440202 -0.323113 -0.566625 -0.602691 -0.627053 -0.484758 -0.652819 -0.507329 -0.189227 -0.509296 -0.570505 -0.791060 0.304865 -0.052219 1.928793 
-1.362884 0.201334 -0.333868 -0.540582 -0.940249 -0.512928 -0.882561 -0.231463 0.409128 -0.299762 -0.080956 -2.238549 0.304263 -2.991895 -1.628164 1.347058 
-0.729333 0.538154 -0.242894 -0.617506 -0.425166 0.233734 0.103804 -0.378872 -0.979945 -0.703679 -2.223022 -0.213207 -0.076335 1.850068 -0.663162 -1.104847 
-0.905427 -0.748972 -0.682410 1.227138 -1.828161 1.011351 0.251005 -3.422748 1.971976 2.032189 -1.545454 1.943502 -2.133697 -1.988728 2.843533 0.830510 
0.354890 -0.413835 -1.152076 0.621118 -0.290925 0.142984 -0.864417 0.143825 -1.115170 -2.850471 2.110604 -1.740745 0.437032 -1.540052 1.558383 -0.302566 
-2.981399 -1.869415 -1.254681 -1.330112 -1.040307 -0.856899 0.748600 -0.240126 0.972751 -0.963858 0.126112 -0.771000 1.021176 1.758856 0.043087 0.900241 
3.117512 -0.254790 0.088815 -3.099724 -0.671223 0.522707 0.151805 -0.654206 -0.701396 -0.886164 0.688892 -0.722833 0.113773 -2.648474 3.946870 -1.811561 
4.057277 2.988870 3.869939 7.462815 2.615346 1.100639 -0.007104 -0.297051 -0.459199 -1.917398 -2.514104 -0.456725 0.276332 -1.459418 2.470765 2.306698 
-0.007155 -2.723803 0.854220 8.510945 5.205174 0.618826 0.215753 -0.343259 -0.823087 -0.160228 -2.326056 -0.499470 0.251012 -0.328723 3.757478 2.766806 
-0.458433 -2.772305 -1.892967 -2.501946 -0.537607 0.277785 -0.177340 -0.493331 -0.704223 -1.064186 -0.782044 -1.953740 0.400314 1.605065 4.900636 -2.585110 
-3.337486 -4.731139 -3.409131 -3.000900 0.077002 0.802744 -0.313393 -1.514680 -0.451765 -0.566389 -2.124920 -3.966675 1.021687 1.119924 -1.619611 -8.463113 
-6.851496 -3.327052 -3.613702 -6.281967 -11.163160 -10.011857 0.681240 1.189706 -1.718288 -8.858935 -2.941221 -4.416203 -3.415797 -0.484327 -1.530045 -2.255218 
-9.537981 -4.503937 -7.295312 -3.948269 -9.238367 -5.888793 -16.573739 -9.601470 -6.233014 -3.925263 -8.492540 -8.541796 -3.842208 0.392692 6.446146 -15.151661 
-11.288552 -11.973951 -10.323833 -4.980127 -2.824682 -5.522696 -9.570532 -8.057654 -9.215006 -8.864709 -2.429929 -1.474624 -6.300874 -2.069007 2.890922 -13.258518 
-1.159529 -6.043007 0.341501 1.164130 -0.856714 -2.208161 0.116506 -1.025190 -1.000241 0.435380 -1.246131 -1.161159 1.172921 1.682012 -4.325404 2.614429 
2.130458 5.962000 9.296839 0.215762 -0.436451 -0.674072 0.140190 -0.464625 -0.387408 -0.490233 -0.294253 0.140629 -0.417058 0.055317 0.567764 0.632109 
1.644321 -2.262130 -1.664210 0.198981 -0.758477 -0.121581 -0.514306 -0.427630 -0.653763 -0.722956 -0.590429 -0.209083 -1.639767 -0.673175 2.142256 0.172322 
-0.727891 -0.447144 -0.320007 -0.359460 -0.020771 -1.015172 -0.211800 -0.315795 0.070644 -0.746656 -0.013377 -1.081803 -1.405037 1.831542 0.187630 0.424281 
0.047453 0.150997 -0.189298 -0.876922 -1.088998 1.137801 -1.011175 -0.681990 -0.915248 -0.264825 -1.490765 -2.816190 -0.244567 -2.027668 -1.408270 -2.144218 
3.265008 1.032785 -0.614776 -0.038534 -1.498727 -0.356230 -0.435414 0.385244 -1.287867 -1.568226 -1.997483 -0.636526 -2.247581 -4.103056 5.175866 -0.735264 
1.386108 -0.770593 0.038004 0.688894 1.602906 -1.539125 -1.540586 0.200620 -1.847356 0.561374 -2.832614 0.417566 -0.510824 -2.905898 -0.606924 -0.469384 
-0.069137 -0.492802 -0.663328 -2.903989 -0.718237 0.586164 -1.220888 -0.917963 -0.729564 -0.154818 -1.059704 1.598733 0.613617 0.757314 4.989833 -2.870147 
2.791722 2.184489 0.267359 6.300891 3.682283 0.226262 0.473437 0.349170 -0.681000 -0.427619 -0.974010 -1.122694 1.118367 1.387394 -2.245817 -0.812885 
0.961318 4.171766 2.620424 3.953698 8.365622 1.595827 0.120419 -0.113680 -0.459653 -0.679405 -1.378212 0.091820 -0.050423 0.847732 -2.667113 9.149446 
5.931640 1.886666 3.909686 2.934523 4.315982 0.368147 -0.078707 -0.224038 -0.592591 -1.218821 1.136595 -2.635999 -2.264414 -4.026684 2.831137 2.714551 
-2.551514 0.687973 -1.437321 -1.781518 -3.241463 0.124182 0.659372 -0.393796 -0.721536 -0.783747 -0.372070 -1.088074 -5.839784 -2.416634 2.508175 3.020347 
-0.360598 1.593218 2.082771 -0.329847 -0.774870 0.985410 -0.525275 -0.777860 -1.096370 -0.358135 -2.523258 -4.562053 -4.387812 -2.945866 0.503894 6.148741 
-4.962870 -2.890617 -2.749727 -2.068273 1.436391 -0.420054 -0.866506 -0.239059 -1.327069 0.270317 -0.228075 -0.906269 0.208619 -1.883147 1.633527 -9.919658 
-5.907467 -10.456770 -3.093158 -4.464827 -5.606482 -4.585277 0.383330 -2.339754 -0.975060 0.073428 -0.956180 0.806983 -2.761078 -1.351671 1.174382 1.826580 
-4.540662 -6.093415 -6.536612 -6.825768 0.152523 -1.370768 1.602772 -0.224615 0.149716 0.168129 -0.238527 -2.239605 4.227048 -0.529026 2.272200 2.542304 
8.337359 3.463397 -2.143696 1.321359 -0.509802 -0.649915 0.262753 -0.918383 -1.496330 -1.583352 -0.501814 0.706387 -0.345165 1.347823 2.264231 1.275133 
5.438976 8.179156 6.663163 0.892097 -0.040799 -0.371928 -0.518112 -0.591866 -0.939306 -0.341431 0.077475 -2.853987 1.934908 0.270344 3.098069 4.444291 
0.739170 -0.549695 -0.968735 0.242365 -0.788065 -1.017804 0.327263 -0.556178 -0.571573 -0.440847 -0.388960 -1.303133 0.371633 1.008652 3.173072 2.706828 
-1.493218 -0.221867 -0.195721 -0.254487 0.080436 -1.109803 0.525196 -0.898602 -0.885353 -0.638343 0.378502 -0.533296 -0.476037 -1.348720 1.664922 -2.928878 
-0.424239 0.332657 -0.081501 -0.750795 -0.241552 -0.815770 -1.926915 0.162413 -0.301224 -0.305237 -1.420887 -0.698187 -1.579919 -1.743924 -7.769401 0.322098 
0.801842 -0.039384 0.055872 -0.379541 -2.137285 2.225997 1.718722 -1.094186 -0.633001 -0.710523 -0.106186 -6.276360 -5.913395 -0.883800 -3.602084 -0.291007 
0.197644 0.973991 0.580119 -0.594416 0.296514 -0.658704 -1.063920 -0.403048 0.154660 -0.311067 0.442952 -0.240023 -1.419686 0.184508 -5.742306 2.911474 
-0.403260 0.220341 0.135998 -1.349474 -1.164809 0.332645 -0.365014 0.030252 -0.298685 -1.134127 -0.272396 -1.336969 -0.251924 2.094569 7.093888 -4.938861 
-1.101023 -0.705500 0.005953 0.798779 -1.245000 0.276644 0.040839 -0.065942 -0.939238 -2.361276 0.749667 0.137737 0.002465 -0.966071 0.590260 -1.357279 
0.731116 5.661908 4.205226 2.689024 -0.589751 0.845670 0.709130 -0.680644 -0.364789 0.723320 -0.312988 -1.764218 -2.379909 -1.661300 0.487520 -6.483326 
2.567631 1.930350 2.897143 0.351504 -4.337936 -3.496277 2.096928 -0.807803 -0.585021 -1.229302 -3.848150 2.487634 -0.951484 -2.407634 -6.507308 5.530883 
3.251654 3.820503 3.752440 0.186929 -1.364704 -0.497642 -0.837438 -0.707572 -0.335370 -1.141808 -2.925839 -3.389604 0.541622 3.869676 0.733909 -4.508451 
10.424164 2.955722 2.063479 -0.567044 -1.368371 0.296961 0.066382 -0.773606 -1.045265 -0.737773 0.086895 1.486522 -3.100861 -1.297324 -1.225774 3.615138 
1.420692 0.982027 -2.740210 -0.968071 -1.787550 0.047650 -0.350811 -0.812162 -0.873891 -0.088070 -1.221319 -0.569258 -0.435912 -2.296298 -2.142202 -0.301757 
7.764151 1.262144 -0.931704 -0.522379 -0.762758 -2.307944 -1.177387 -0.372867 -2.674734 0.304528 0.217967 -2.571326 0.924497 2.818795 -4.263656 7.914972 
5.336387 -2.281868 -0.686637 0.699967 -0.351143 0.417360 -1.388575 -0.178484 -0.845141 0.686516 -0.703976 2.234590 0.057684 0.048930 3.354627 -3.431693 
2.216767 7.887376 0.817603 1.479509 -3.009607 -0.102852 -0.492366 -1.274604 -0.310998 0.730205 -0.236425 0.743702 0.393520 0.556712 0.858663 5.289560 
7.586860 2.269632 0.559147 -0.077362 0.992881 -0.298463 -0.467575 -0.900647 -0.744291 -1.317377 0.037250 1.743470 -3.395279 1.033920 4.458372 -0.091781 
-3.037019 0.316292 -0.392603 0.246299 -0.129811 -0.307849 -0.300284 -0.774327 -0.324480 -0.848906 -1.034223 1.168016 0.804937 -0.278012 -0.824947 -1.508945 
-0.410539 0.108483 0.103617 0.170330 -0.795308 -0.817461 -0.897450 -1.926786 -1.270812 -0.402367 -1.379124 1.400037 -1.232578 -0.290678 4.872165 -1.760405 
2.408734 1.359720 -0.502817 -1.948176 2.088119 0.137961 -0.263286 0.074230 -0.225792 0.513015 -0.059704 -0.868457 -0.957376 -0.458712 -2.486168 -2.981803 
1.281082 0.978720 -0.066388 0.678788 -1.847980 -0.283564 -0.339675 -0.549517 2.481280 -1.139097 -1.192257 -0.675001 -0.234232 -1.017373 -10.148878 2.031651 
0.442794 0.382988 0.410095 -0.123644 0.175076 0.103182 -0.525842 0.291601 -0.120953 -0.510559 0.203748 -0.905726 -0.109274 1.063317 -3.827602 0.306717 
0.789734 -1.330969 0.899976 -0.236466 -0.106557 -0.435663 0.260666 -0.058281 -0.309399 1.007342 -1.163162 0.177337 0.534579 0.470065 -3.412302 0.898229 
-0.190385 0.173255 0.373348 -1.152418 0.359131 -1.428587 -1.770676 2.089478 0.398194 0.678639 -0.058774 -0.774221 0.172421 1.447572 1.372828 -1.026641 
-0.022899 -1.147156 2.119930 2.662352 -5.433869 0.818529 -1.753979 0.084702 -1.441750 -0.203338 1.006129 0.945381 1.981878 -1.211638 -1.443267 0.282250 
0.033438 0.260789 2.043227 -1.541324 1.178162 -0.861976 -2.885144 2.157946 0.834643 -2.409453 1.746143 -2.211202 0.485782 -4.099713 -11.096242 3.438389 
3.007267 3.159765 -0.881331 0.250130 -1.010752 -1.852476 0.268476 -0.547774 -1.339988 3.238148 -1.158375 -1.681744 2.337871 2.422421 -12.320398 5.111995 
-0.848631 1.072513 0.104191 -0.658469 2.136409 0.496418 -0.995139 -0.388496 -0.390713 -0.311128 -0.243577 -2.053158 0.450044 1.578904 1.058478 2.462926 
2.608561 -0.362414 0.621263 -0.298975 -0.850385 -0.270896 -1.117079 -0.546768 -0.151382 -0.995194 -1.658373 0.395418 -1.097377 1.949794 -0.219616 1.288482 
-0.356360 1.740666 -0.573312 -0.039347 -0.425806 0.206489 -0.574483 -0.774884 0.307462 0.003623 1.543476 1.402309 0.526246 0.679256 2.022097 3.268560 
-1.865646 4.965191 -0.479588 -0.267177 0.376141 -1.016792 0.677931 -3.685410 -1.629616 -1.890848 3.247109 -1.278363 0.118176 1.435693 0.572859 -2.466378 
2.758071 1.716313 4.046314 2.400687 0.460357 -0.300542 0.004981 1.711157 -4.368355 -0.788414 0.513936 1.793871 -0.306997 0.228750 -0.166985 1.664947 
-2.265561 -0.047008 3.866329 0.535964 0.582849 -0.876186 -0.348102 -1.383671 -1.553744 -0.903091 -1.540616 -1.172571 1.744915 -1.856728 -0.097046 0.539651 
0.481648 0.322593 -0.442293 0.831583 -0.298193 -0.440542 0.017669 0.317974 -3.537399 0.941780 -0.234526 -0.510831 0.145313 -0.449001 -9.596819 5.090086 
-0.296444 0.238926 1.467684 -0.152016 -0.076158 -0.249140 -0.489933 -0.863172 -1.789029 -0.929990 -1.086892 -2.856063 0.047872 -1.646859 -3.319801 2.618337 
0.190519 -0.102005 -0.464264 -0.177816 0.072621 0.773557 1.833224 -0.285360 -0.372554 -1.692792 -0.240991 -0.744403 1.702916 -3.751996 1.613693 1.722913 
1.324364 5.044883 -0.329107 2.826912 -0.890041 -0.288848 -1.884306 -0.472356 0.424891 2.663678 1.745655 -3.046857 -2.100543 1.252472 -1.317287 0.140243 
1.797894 1.261359 0.297976 -0.690608 1.113477 -0.389978 -2.656187 -1.445674 0.616875 -0.414202 -0.312142 0.076981 -0.929036 -0.784370 3.944979 -4.032766 
0.220685 1.446866 1.284088 0.130968 0.099823 -1.567781 -2.193848 1.307176 -0.198617 -0.149963 -1.204601 0.027269 0.023294 0.673327 -9.028775 1.918019 
2.147213 2.492973 3.349201 -1.256185 0.575168 -0.087818 4.263922 -5.821082 1.433224 0.594547 -1.945081 -3.812020 2.663120 1.984191 5.108316 -0.767832 
-0.243861 1.304535 -2.139465 0.481058 4.983533 -2.757251 0.117397 -2.251728 -0.863701 -1.078956 -0.587351 -11.654490 -5.658729 1.540997 -1.942278 0.594363 
2.820579 -2.824232 0.202816 -0.310961 -0.626821 0.516307 -0.070095 -0.605123 0.828354 1.572602 -5.227490 1.286998 -3.718558 -0.288251 -0.592656 2.262762 
-3.029317 7.625770 -0.539235 6.003863 0.919083 -1.759420 -3.641677 -0.581149 2.797302 -1.942262 -1.210271 -7.806237 -5.335571 -6.595259 -1.667942 2.417916 
5.418668 -0.071637 -0.615189 -0.581705 1.954470 0.555550 -1.404105 -0.663549 0.378970 0.574424 -1.361425 -3.610792 -2.006609 7.491428 -5.891686 1.520022 
-1.644641 6.211165 -0.243039 0.700080 0.667231 -0.380147 0.900346 -0.816659 0.093979 -2.991612 1.995726 -2.890670 2.824315 3.332112 1.854029 9.374340 
0.231000 -0.927273 3.182000 -0.921814 -0.076032 1.649240 -1.912190 2.952830 -1.685147 1.370047 2.417557 0.013157 -1.718469 -3.533639 -2.875723 -3.379421 
1.547988 -0.786605 -0.820431 1.832118 -2.633451 0.750338 1.005621 -0.591274 5.294442 -0.770976 -4.503615 2.889309 -1.537543 -0.536728 1.122621 -0.916745 
-1.549759 1.145101 0.522567 3.027984 0.061305 0.190486 -1.466967 1.784231 -2.068796 -1.690200 1.269742 -1.685333 -1.967465 -3.142601 -0.800994 -1.500909 
-2.430174 0.964322 1.172239 0.897645 0.913264 -0.447506 -0.447072 -0.209003 0.376602 -2.318838 0.182953 -3.465681 -4.051146 0.007342 -3.904132 0.014531 
4.876749 1.155275 2.003587 0.089503 -0.548544 -1.357808 -0.584926 0.060684 2.186069 -3.033090 0.175079 -0.799735 -0.212695 -0.187593 -4.546837 -1.462197 
-0.323320 1.840502 -2.125571 0.676383 -2.657246 2.758646 -0.042088 -0.166253 -2.310965 1.063964 1.090064 -2.446181 -2.429434 -2.055088 2.636254 -0.673604 
-0.379102 1.018635 1.332258 0.752579 0.942462 -0.340562 1.015347 -0.344096 -0.082854 0.060273 0.740692 -2.606209 -1.343375 1.831001 -2.615944 3.734309 
4.651832 -1.994626 1.962274 -1.356772 -1.009275 3.566970 -1.097696 3.224907 -1.696100 1.422979 -0.780568 -1.122746 5.262283 -1.145661 1.314117 -4.015829 
-0.240940 1.102506 0.789506 0.954386 -1.234430 -0.313248 2.142298 -1.655228 2.542746 -2.311815 -0.379523 -1.390020 -1.440259 1.349504 1.904455 -0.993084 
-0.462181 3.008150 -1.197853 -0.302486 -0.878494 0.127966 -0.191772 -0.149118 -1.082546 1.623920 0.092298 0.263289 -0.122230 -2.073931 2.876255 -1.321046 
3.090004 1.840916 -0.815442 1.573826 -0.824298 1.782805 -2.931187 2.742112 0.098567 -1.621676 0.038103 -1.123576 2.051994 -1.774746 -2.523149 4.404957 
3.028315 2.296011 0.374651 -1.285898 -2.493440 0.507532 -0.847533 -0.679196 0.167257 -0.003982 -0.695283 -0.776230 -6.520912 -4.150208 2.073396 0.809608 
1.416112 3.151022 1.664348 -1.544938 0.855344 1.721000 2.380747 -1.279244 0.671478 -0.904524 -0.846164 -2.260692 -3.986207 -4.645577 -6.072254 2.464771 
0.434250 0.189063 2.067413 -0.843139 0.608807 1.769693 3.696261 0.917897 -1.770338 -1.170288 -1.739882 -3.030502 -6.484389 -2.057542 2.240116 -0.048963 
-0.853094 0.003896 0.521903 3.324092 -1.325490 -0.447140 1.069086 -0.235208 1.274087 -0.915074 0.620446 -2.129437 -2.445319 -2.287601 -2.471391 4.059442 
3.664183 1.941880 -0.229303 1.231795 -0.625571 -0.752129 1.199586 -0.661849 0.159999 1.306983 -2.953583 2.159040 -0.682366 -0.488308 -10.990594 5.887384 
1.885308 -0.441412 0.673591 -0.272662 0.491265 0.859525 1.201402 -2.085732 1.976577 -0.497548 -0.257188 -1.534621 -1.318399 0.128985 -6.675935 1.335495 
0.026394 2.287620 -0.667281 -0.838087 2.525676 -1.279998 -0.670823 1.731013 0.407791 0.271039 0.903124 -1.319129 -1.087197 -4.231877 -4.616627 0.251357 
2.044120 0.527268 0.734807 -0.754082 1.672330 -0.146563 -0.988787 -0.232626 0.190696 2.375948 -5.002323 -2.258975 -4.195508 -3.586433 -1.891994 3.144346 
2.088912 1.455792 2.762646 -0.422441 -2.103040 0.200109 0.318661 0.527927 0.801065 3.251642 -4.073125 -0.988333 -0.285778 -2.202215 -9.039385 3.843232 
-0.727344 1.599854 -0.642886 -0.300565 0.900713 -1.527050 -0.521151 0.613545 0.970288 -1.247018 2.051197 1.014031 -1.053881 -0.298265 -1.960351 -1.454407 
1.000598 0.423659 1.801840 0.719813 1.174827 -1.329354 -0.631233 -1.295126 -0.382521 0.255280 -1.270925 -0.057096 -4.129421 -2.768669 -0.861541 -1.411408 
0.875261 0.698189 -1.124220 2.082244 -0.550642 2.308174 -1.083046 0.795388 1.168160 1.771798 -1.988109 1.881655 0.288021 -0.825813 -2.153826 4.116392 
-0.705911 1.084909 1.362870 0.086868 2.887598 -2.431501 -1.115895 -1.530325 -2.648297 1.565127 -1.643363 1.051096 -3.099648 1.091012 -1.342953 3.928563 
1.251824 -1.471234 0.622896 0.188951 0.500663 -0.126172 1.136794 2.404217 -1.022264 -1.822280 0.145004 -0.183337 -1.744700 -0.728951 -0.562771 -0.901496 
