-0.000029 0.000008 -0.000076 0.000095 -0.000254 0.000076 -0.000003 -0.000064 0.000003 -0.000102 -0.000130 0.000191 -0.000052 -0.000021 0.000036 0.000001 
0.000095 -0.000126 0.000016 -0.000090 0.000227 0.000145 -0.000261 0.000135 -0.000121 0.000219 0.000134 0.000036 -0.000046 -0.000017 -0.000007 -0.000010 
-0.000005 0.000196 0.000213 0.000151 -0.000286 -0.000087 0.000447 -0.000273 -0.000076 -0.000066 -0.000081 -0.000081 0.000098 -0.000166 0.000113 -0.000039 
-0.000028 -0.000104 -0.000622 0.000049 0.000396 -0.000282 -0.000119 0.000016 -0.000043 0.000458 -0.000423 0.000305 -0.000272 0.000409 -0.000268 0.000113 
0.000016 0.000207 0.000343 -0.000054 -0.000367 0.000143 0.000290 0.000112 -0.000248 -0.000241 0.000316 -0.000194 0.000179 -0.000220 0.000124 -0.000101 
-0.000020 -0.000237 0.000117 0.000015 0.000273 0.000031 -0.000535 0.000019 0.000441 -0.000258 0.000223 -0.000177 0.000024 -0.000030 0.000018 0.000093 
0.000135 -0.000034 -0.000138 0.000160 -0.000465 0.000365 0.000142 0.000003 -0.000300 0.000375 -0.000386 0.000212 -0.000052 0.000082 0.000025 -0.000171 
-0.000044 0.000094 -0.000102 0.000031 0.000294 -0.000807 0.000693 -0.000117 -0.000039 -0.000152 0.000161 -0.000025 0.000021 -0.000057 -0.000051 0.000083 
-0.000072 -0.000051 0.000229 -0.000535 0.000547 0.000153 -0.000722 0.000287 0.000063 0.000069 -0.000018 -0.000090 -0.000045 0.000112 -0.000013 0.000043 
-0.000014 -0.000096 0.000086 0.000306 -0.000716 0.000364 0.000211 0.000689 -0.001908 0.001399 -0.000368 0.000062 0.000110 -0.000106 -0.000028 0.000095 
0.000042 0.000187 -0.000335 0.000099 0.000300 -0.000209 -0.001123 0.001701 0.000126 -0.001631 0.000996 0.000192 -0.000224 -0.000103 0.000087 -0.000087 
-0.000011 0.000013 0.000143 -0.000093 -0.000107 0.000150 0.000531 -0.001593 0.001056 0.000319 -0.000258 -0.000690 0.000701 -0.000126 0.000095 -0.000087 
-0.000006 -0.000052 -0.000003 0.000094 0.000077 -0.000156 -0.000070 0.000444 -0.000258 -0.001063 0.001462 -0.000209 -0.000358 0.000154 -0.000074 0.000035 
0.000000 0.000013 -0.000021 -0.000046 0.000033 -0.000009 0.000353 -0.000770 0.000314 0.000560 -0.000909 0.000642 -0.000547 0.000360 -0.000118 0.000023 
0.000004 -0.000024 0.000007 -0.000073 0.000097 -0.000063 -0.000026 0.000596 -0.001037 -0.000125 -0.000086 0.000143 0.000445 -0.000217 -0.000014 0.000023 
0.000041 0.000012 0.000041 0.000024 -0.000092 0.000039 0.000007 -0.000117 0.000663 -0.000130 0.000422 -0.000711 0.000182 -0.000086 0.000078 -0.000056 
