0.004816 0.012452 0.002347 0.006201 0.021265 0.020199 0.012242 0.011377 0.004014 0.001526 0.003320 0.004325 0.005992 0.004595 0.002838 0.003566 
0.006382 0.006455 0.004123 0.011149 0.004138 -0.002730 0.005025 0.005360 -0.008778 -0.001294 0.001229 0.005204 0.003055 0.001077 0.000397 0.001832 
0.004333 -0.000388 0.001512 -0.002320 -0.012212 -0.005447 -0.010952 -0.030742 -0.012662 0.000243 0.005054 0.004878 -0.004139 -0.002933 -0.000567 0.002312 
-0.000457 -0.002889 -0.004814 -0.008405 -0.015592 -0.035606 -0.043878 -0.012043 0.008581 0.006728 0.003238 -0.013452 -0.005374 -0.003118 -0.000527 0.001301 
-0.003788 -0.005966 -0.008293 -0.014117 0.001040 0.007499 0.019354 0.016216 0.002037 -0.012063 -0.021373 -0.006580 -0.004644 -0.003884 -0.000138 -0.001216 
-0.004379 -0.007798 -0.010552 -0.008301 -0.019313 -0.008098 -0.005526 -0.012475 -0.020978 -0.016700 -0.006042 -0.007408 -0.009893 -0.002066 -0.000545 -0.002081 
-0.003763 -0.002449 -0.010340 -0.004397 0.004529 -0.011998 -0.017569 -0.016832 -0.011721 -0.008471 -0.012070 -0.012261 0.000034 0.004049 -0.000230 -0.001193 
-0.001597 -0.003353 0.005126 -0.011800 -0.016469 0.024979 0.004990 0.000551 -0.002576 -0.002606 0.003869 0.013702 0.011618 0.002861 0.001102 0.000871 
0.003910 -0.000721 -0.005319 0.003921 -0.005648 -0.046519 0.013565 0.021837 0.011082 0.018449 0.019361 0.010683 0.004144 0.001638 0.001835 0.001746 
0.002787 0.012437 0.014746 0.012879 0.016996 0.020785 -0.029169 -0.025589 0.031046 -0.004359 -0.015979 -0.001881 0.002348 -0.000414 -0.000105 -0.001031 
-0.008085 -0.011379 -0.008569 -0.005213 -0.007140 -0.007880 0.014294 -0.004986 -0.041765 0.010983 0.023901 0.001756 -0.003829 -0.001931 -0.003342 -0.005181 
-0.007653 -0.006947 -0.013723 -0.012214 -0.004528 0.008902 -0.001145 0.005384 0.006686 -0.017212 -0.003665 0.000841 -0.003009 -0.002706 -0.003979 -0.004598 
-0.004273 -0.010181 -0.007715 -0.004914 0.000179 0.003559 0.010177 0.006719 0.006469 0.005030 -0.008931 -0.001615 -0.003408 -0.002929 -0.002847 -0.003764 
0.000516 0.007026 0.008655 0.010429 0.010589 0.005311 0.003697 0.010895 0.005159 0.005660 -0.007748 -0.013973 -0.005355 -0.001458 -0.000592 -0.000206 
0.006755 0.007475 0.011199 0.016369 0.006425 0.004274 0.006252 0.006831 0.011180 0.005697 0.008406 0.004101 0.003527 0.002071 0.002652 0.003304 
0.005127 0.006740 0.017064 0.008775 0.010852 0.019409 0.019327 0.015980 0.014299 0.008968 0.008879 0.011592 0.008977 0.005384 0.003989 0.004811 
