0.000722 0.000906 0.001317 0.001292 0.000259 -0.001327 -0.001324 -0.000514 0.000344 0.001227 0.001644 0.001669 0.001483 0.001844 0.001592 0.000638 0.000027 -0.000307 -0.000174 0.000020 0.000211 0.000371 0.000513 0.000601 0.000679 0.000721 0.000662 0.000572 0.000493 0.000399 0.000358 0.000577 
0.000509 0.000843 0.001203 0.001331 0.000799 0.000723 0.001238 0.001770 0.002617 0.002975 0.002313 0.001599 0.001326 0.001257 0.001219 0.001255 0.000875 0.000350 0.000208 0.000288 0.000373 0.000413 0.000455 0.000581 0.000678 0.000648 0.000548 0.000443 0.000345 0.000287 0.000377 0.000461 
0.000578 0.000906 0.001096 0.000832 0.000449 0.000844 0.001190 0.001708 0.001941 0.000966 0.000057 -0.000022 0.000309 0.000659 0.000834 0.000695 0.000002 -0.000470 -0.000250 0.000038 0.000192 0.000260 0.000391 0.000607 0.000609 0.000423 0.000312 0.000231 0.000148 0.000172 0.000302 0.000339 
0.000640 0.000792 0.000777 0.000307 0.000431 0.000678 0.000874 0.000955 0.000121 -0.000673 -0.000295 0.000337 0.000646 0.000642 0.000355 -0.000508 -0.001383 -0.001171 -0.000509 -0.000081 0.000074 0.000238 0.000564 0.000713 0.000376 0.000092 0.000040 -0.000024 -0.000031 0.000102 0.000183 0.000317 
0.000541 0.000574 0.000313 0.000084 0.000285 0.000320 0.000310 -0.000282 -0.001143 -0.000863 -0.000143 0.000234 0.000125 -0.000434 -0.001493 -0.002656 -0.002441 -0.001245 -0.000343 -0.000053 0.000102 0.000544 0.000874 0.000478 -0.000121 -0.000241 -0.000226 -0.000248 -0.000114 0.000027 0.000109 0.000393 
0.000339 0.000289 -0.000080 -0.000032 -0.000031 -0.000118 -0.000383 -0.001101 -0.001605 -0.001622 -0.001874 -0.002307 -0.002883 -0.003700 -0.004420 -0.003849 -0.001975 -0.000435 0.000032 0.000096 0.000569 0.001059 0.000589 -0.000357 -0.000627 -0.000482 -0.000449 -0.000335 -0.000145 -0.000046 0.000175 0.000358 
0.000141 -0.000047 -0.000282 -0.000239 -0.000372 -0.000556 -0.000861 -0.001244 -0.001779 -0.002625 -0.003713 -0.004768 -0.005519 -0.005607 -0.004429 -0.002102 -0.000073 0.000493 0.000328 0.000714 0.001173 0.000513 -0.000752 -0.001157 -0.000815 -0.000631 -0.000523 -0.000315 -0.000176 -0.000003 0.000200 0.000184 
-0.000055 -0.000342 -0.000419 -0.000499 -0.000656 -0.000909 -0.001162 -0.001072 -0.001254 -0.002240 -0.003239 -0.003901 -0.003887 -0.002763 -0.000740 0.000996 0.001270 0.000744 0.000820 0.000993 0.000012 -0.001413 -0.001779 -0.001206 -0.000796 -0.000651 -0.000450 -0.000307 -0.000154 0.000054 0.000073 0.000006 
-0.000282 -0.000503 -0.000586 -0.000733 -0.000879 -0.001120 -0.001404 -0.001197 -0.000396 -0.000293 -0.000591 -0.000436 0.000330 0.001487 0.002265 0.001895 0.000942 0.000584 0.000276 -0.000939 -0.002221 -0.002309 -0.001511 -0.000909 -0.000706 -0.000553 -0.000436 -0.000347 -0.000127 -0.000011 -0.000079 -0.000141 
-0.000426 -0.000595 -0.000739 -0.000940 -0.001060 -0.001211 -0.001459 -0.001687 -0.000989 0.000608 0.001651 0.002240 0.002650 0.002555 0.001661 0.000538 -0.000120 -0.000800 -0.001948 -0.002758 -0.002482 -0.001575 -0.000932 -0.000724 -0.000640 -0.000617 -0.000599 -0.000384 -0.000128 -0.000107 -0.000185 -0.000265 
-0.000500 -0.000628 -0.000827 -0.001097 -0.001222 -0.001223 -0.001269 -0.001615 -0.002078 -0.001473 -0.000062 0.000833 0.000845 0.000228 -0.000533 -0.001099 -0.001738 -0.002482 -0.002734 -0.002214 -0.001398 -0.000881 -0.000757 -0.000803 -0.000904 -0.000952 -0.000697 -0.000265 -0.000084 -0.000157 -0.000226 -0.000331 
-0.000489 -0.000575 -0.000740 -0.001088 -0.001324 -0.001211 -0.000946 -0.000968 -0.001535 -0.002317 -0.002463 -0.002119 -0.001887 -0.001862 -0.001986 -0.002241 -0.002474 -0.002338 -0.001788 -0.001187 -0.000877 -0.000892 -0.001078 -0.001294 -0.001320 -0.000953 -0.000346 0.000008 -0.000021 -0.000145 -0.000218 -0.000328 
-0.000423 -0.000493 -0.000511 -0.000769 -0.001194 -0.001267 -0.000758 -0.000129 -0.000266 -0.000981 -0.001826 -0.002319 -0.002396 -0.002338 -0.002298 -0.002218 -0.001948 -0.001517 -0.001150 -0.001017 -0.001139 -0.001390 -0.001586 -0.001494 -0.000980 -0.000238 0.000234 0.000240 0.000040 -0.000082 -0.000157 -0.000272 
-0.000319 -0.000431 -0.000298 -0.000196 -0.000590 -0.001115 -0.001220 -0.000346 0.000917 0.000830 -0.000089 -0.000849 -0.001441 -0.001736 -0.001764 -0.001635 -0.001416 -0.001226 -0.001200 -0.001309 -0.001456 -0.001482 -0.001216 -0.000586 0.000176 0.000664 0.000630 0.000338 0.000094 0.000004 -0.000057 -0.000168 
-0.000174 -0.000387 -0.000351 0.000127 0.000272 -0.000288 -0.001196 -0.001806 -0.000891 0.001413 0.002135 0.001009 0.000207 -0.000269 -0.000630 -0.000801 -0.000876 -0.000922 -0.000962 -0.000918 -0.000708 -0.000264 0.000373 0.001014 0.001326 0.001138 0.000685 0.000321 0.000141 0.000107 0.000063 -0.000031 
0.000027 -0.000222 -0.000565 -0.000372 0.000281 0.000416 -0.000255 -0.001553 -0.002977 -0.002684 0.000436 0.003014 0.002339 0.001199 0.000960 0.000819 0.000622 0.000522 0.000593 0.000888 0.001376 0.001903 0.002224 0.002103 0.001602 0.000985 0.000509 0.000268 0.000186 0.000198 0.000179 0.000116 
0.000258 0.000189 -0.000258 -0.000797 -0.000686 -0.000121 0.000158 -0.000180 -0.001423 -0.003579 -0.004633 -0.002009 0.002430 0.003497 0.001961 0.001486 0.001795 0.002093 0.002366 0.002682 0.002951 0.002906 0.002405 0.001660 0.001009 0.000578 0.000346 0.000222 0.000213 0.000247 0.000239 0.000232 
0.000423 0.000675 0.000725 0.000332 -0.000091 -0.000072 0.000339 0.000747 0.000781 -0.000143 -0.002540 -0.005056 -0.004310 0.000321 0.003648 0.002564 0.001117 0.000976 0.001192 0.001263 0.001122 0.000861 0.000657 0.000562 0.000480 0.000381 0.000257 0.000159 0.000191 0.000209 0.000193 0.000254 
0.000385 0.000835 0.001405 0.001770 0.001810 0.001712 0.001708 0.001847 0.002062 0.002177 0.001607 -0.000597 -0.003884 -0.005173 -0.002017 0.002593 0.003002 0.000890 -0.000592 -0.001416 -0.001823 -0.001550 -0.000699 0.000044 0.000322 0.000277 0.000105 0.000059 0.000092 0.000049 0.000024 0.000126 
-0.000043 0.000260 0.000681 0.001038 0.001156 0.001068 0.000953 0.000962 0.001174 0.001635 0.002218 0.002360 0.000915 -0.002329 -0.004827 -0.003635 0.000885 0.003345 0.002284 0.000570 -0.000473 -0.000678 -0.000374 -0.000021 0.000095 -0.000008 -0.000124 -0.000073 -0.000089 -0.000181 -0.000245 -0.000201 
-0.000717 -0.000828 -0.000916 -0.000967 -0.000990 -0.000992 -0.001008 -0.001038 -0.001047 -0.000854 -0.000248 0.000812 0.001835 0.001466 -0.001159 -0.003966 -0.004497 -0.001352 0.002575 0.003968 0.003374 0.002011 0.000742 0.000059 -0.000195 -0.000341 -0.000289 -0.000205 -0.000281 -0.000407 -0.000511 -0.000613 
-0.000967 -0.001223 -0.001409 -0.001323 -0.000945 -0.000508 -0.000211 -0.000048 -0.000041 -0.000348 -0.000883 -0.001078 -0.000341 0.000993 0.001439 -0.000341 -0.002781 -0.004287 -0.003433 -0.000670 0.001218 0.001377 0.000647 -0.000014 -0.000372 -0.000458 -0.000330 -0.000311 -0.000424 -0.000527 -0.000638 -0.000773 
-0.000872 -0.001071 -0.001014 -0.000768 -0.000774 -0.001024 -0.001109 -0.000857 -0.000372 0.000319 0.000847 0.000505 -0.000494 -0.000550 0.000601 0.001370 0.000337 -0.001312 -0.002603 -0.002575 -0.001234 -0.000255 0.000013 -0.000125 -0.000353 -0.000384 -0.000319 -0.000383 -0.000472 -0.000534 -0.000596 -0.000693 
-0.000799 -0.000860 -0.000975 -0.001492 -0.002032 -0.002057 -0.001725 -0.001354 -0.000951 -0.000504 0.000086 0.000991 0.001418 0.000351 -0.000261 0.000625 0.001357 0.000780 -0.000248 -0.001085 -0.000737 0.000117 0.000229 -0.000014 -0.000260 -0.000293 -0.000327 -0.000399 -0.000456 -0.000482 -0.000525 -0.000636 
-0.000645 -0.000776 -0.001250 -0.001686 -0.001668 -0.001399 -0.001167 -0.000883 -0.000528 -0.000153 0.000180 0.000465 0.001069 0.001741 0.000788 0.000090 0.000742 0.001185 0.000709 -0.000184 -0.000779 -0.000198 0.000176 -0.000096 -0.000310 -0.000315 -0.000352 -0.000386 -0.000404 -0.000416 -0.000468 -0.000583 
-0.000417 -0.000530 -0.000676 -0.000591 -0.000362 -0.000255 -0.000159 0.000027 0.000285 0.000500 0.000606 0.000633 0.000687 0.001094 0.001751 0.000817 0.000358 0.000758 0.000822 0.000197 -0.000871 -0.001239 -0.000869 -0.000736 -0.000601 -0.000445 -0.000374 -0.000343 -0.000318 -0.000324 -0.000369 -0.000400 
-0.000118 -0.000018 0.000284 0.000654 0.000800 0.000787 0.000822 0.000990 0.001104 0.001029 0.000840 0.000674 0.000611 0.000661 0.001134 0.001539 0.000695 0.000522 0.000636 0.000374 -0.000578 -0.001689 -0.001765 -0.001355 -0.000896 -0.000560 -0.000356 -0.000235 -0.000188 -0.000172 -0.000175 -0.000136 
0.000280 0.000468 0.000850 0.001132 0.001200 0.001266 0.001487 0.001612 0.001500 0.001137 0.000752 0.000530 0.000471 0.000537 0.000712 0.001266 0.001231 0.000670 0.000599 0.000528 0.000104 -0.000959 -0.001443 -0.001133 -0.000763 -0.000436 -0.000205 -0.000062 0.000007 0.000035 0.000076 0.000155 
0.000650 0.000852 0.000996 0.001060 0.001175 0.001514 0.001829 0.001828 0.001370 0.000836 0.000545 0.000478 0.000536 0.000633 0.000735 0.000973 0.001357 0.001004 0.000750 0.000706 0.000741 0.000433 -0.000088 -0.000043 0.000047 0.000048 0.000095 0.000174 0.000219 0.000254 0.000310 0.000415 
0.000709 0.000876 0.000891 0.000933 0.001273 0.001755 0.001935 0.001500 0.000899 0.000675 0.000724 0.000873 0.001014 0.001090 0.001072 0.001067 0.001280 0.001261 0.000935 0.000860 0.001012 0.001272 0.001191 0.001009 0.000875 0.000638 0.000457 0.000405 0.000407 0.000433 0.000481 0.000549 
0.000673 0.000735 0.000761 0.001027 0.001525 0.001864 0.001553 0.000943 0.000852 0.001089 0.001424 0.001740 0.001890 0.001800 0.001589 0.001367 0.001289 0.001313 0.001047 0.000906 0.000988 0.001287 0.001467 0.001351 0.001158 0.000939 0.000705 0.000574 0.000528 0.000527 0.000541 0.000600 
0.000592 0.000637 0.000799 0.001331 0.001999 0.002167 0.001634 0.001556 0.001880 0.002385 0.002997 0.003211 0.002919 0.002831 0.003075 0.003071 0.003081 0.002855 0.002145 0.001597 0.001383 0.001375 0.001422 0.001370 0.001278 0.001134 0.000883 0.000666 0.000516 0.000460 0.000581 0.000655 
