-0.000933 -0.000327 -0.001375 -0.002686 -0.002549 -0.000967 -0.001235 -0.002191 -0.002960 -0.002902 -0.001712 -0.000468 0.000546 0.001312 0.001667 0.001507 0.003935 0.005043 -0.000520 -0.001119 0.000004 0.000140 0.000052 -0.000028 0.000606 0.000851 0.000199 0.000533 0.001530 0.001829 0.001267 0.002138 
-0.000905 -0.000941 -0.002199 -0.002805 -0.000992 -0.000594 -0.001713 -0.002916 -0.003733 -0.002614 -0.001127 -0.000255 0.000590 0.001370 0.001791 0.002024 0.004596 0.004625 -0.001039 -0.001340 0.000069 0.000092 -0.000187 -0.000225 0.000848 0.001371 0.000479 0.000700 0.001597 0.001692 0.000885 0.002123 
-0.001256 -0.001622 -0.002741 -0.001692 0.000009 -0.000980 -0.002227 -0.004023 -0.003696 -0.001356 -0.000833 -0.000542 0.000431 0.001426 0.001927 0.002770 0.005475 0.003408 -0.001765 -0.001314 0.000224 0.000054 -0.000446 -0.000219 0.001349 0.001693 0.000608 0.000921 0.001635 0.001378 0.000557 0.002130 
-0.001681 -0.002214 -0.002574 -0.000102 -0.000151 -0.001275 -0.003156 -0.004874 -0.001955 -0.000454 -0.001378 -0.000966 0.000407 0.001548 0.002297 0.004005 0.005609 0.001416 -0.002273 -0.000954 0.000416 -0.000110 -0.000674 0.000203 0.002020 0.001661 0.000663 0.001156 0.001516 0.000936 0.000457 0.001703 
-0.001912 -0.002678 -0.001341 0.000528 -0.000453 -0.001635 -0.004350 -0.004417 0.000127 -0.000712 -0.002083 -0.001152 0.000598 0.001860 0.003197 0.005099 0.004061 -0.000595 -0.002170 -0.000267 0.000422 -0.000475 -0.000527 0.001215 0.002377 0.001270 0.000785 0.001290 0.001212 0.000650 0.000375 0.000785 
-0.002153 -0.002615 0.000117 0.000311 -0.000531 -0.002109 -0.005148 -0.003171 0.001106 -0.001167 -0.002178 -0.001044 0.000856 0.002504 0.004202 0.004563 0.001530 -0.001675 -0.001268 0.000289 -0.000011 -0.000647 0.000458 0.002215 0.001976 0.000894 0.000992 0.001200 0.000847 0.000497 0.000031 -0.000107 
-0.002535 -0.001691 0.000715 0.000210 -0.000643 -0.002409 -0.005292 -0.002560 0.001274 -0.001045 -0.001673 -0.000568 0.001283 0.003099 0.003959 0.002500 -0.000367 -0.001328 -0.000188 0.000125 -0.000443 0.000169 0.001784 0.002208 0.001235 0.000853 0.001068 0.000933 0.000629 0.000215 -0.000297 -0.000798 
-0.002785 -0.000379 0.000569 0.000399 -0.000795 -0.002370 -0.004825 -0.002950 0.001069 -0.000341 -0.000799 0.000180 0.001664 0.002771 0.002389 0.000555 -0.000686 -0.000326 0.000004 -0.000264 0.000195 0.001469 0.002071 0.001431 0.000882 0.000948 0.000932 0.000698 0.000335 -0.000129 -0.000418 -0.001439 
-0.002523 0.000497 0.000392 0.000696 -0.000916 -0.002144 -0.003828 -0.003569 0.000145 0.000561 0.000137 0.000758 0.001537 0.001676 0.000839 -0.000043 -0.000130 -0.000060 -0.000157 0.000317 0.001289 0.001789 0.001417 0.000938 0.000895 0.000914 0.000751 0.000427 -0.000060 -0.000222 -0.000507 -0.002004 
-0.001778 0.000778 0.000422 0.001048 -0.000954 -0.002001 -0.002735 -0.003259 -0.001323 0.000667 0.000861 0.000967 0.001047 0.000755 0.000313 0.000116 -0.000000 -0.000028 0.000423 0.001129 0.001474 0.001266 0.000951 0.000897 0.000923 0.000821 0.000515 -0.000028 -0.000307 -0.000080 -0.000720 -0.002377 
-0.000772 0.000667 0.000536 0.001519 -0.000812 -0.002036 -0.002188 -0.002278 -0.001848 -0.000287 0.000747 0.000911 0.000755 0.000515 0.000311 0.000138 0.000135 0.000491 0.000964 0.001170 0.001065 0.000904 0.000901 0.000963 0.000918 0.000632 0.000029 -0.000477 -0.000192 0.000085 -0.001077 -0.002524 
0.000249 0.000446 0.000473 0.002093 -0.000401 -0.002103 -0.002233 -0.001735 -0.001412 -0.000835 0.000050 0.000570 0.000646 0.000499 0.000328 0.000304 0.000529 0.000824 0.000942 0.000895 0.000824 0.000874 0.000993 0.001027 0.000788 0.000144 -0.000580 -0.000527 0.000201 0.000075 -0.001473 -0.002469 
0.001164 0.000393 0.000039 0.002521 0.000368 -0.001898 -0.002550 -0.001865 -0.001101 -0.000719 -0.000307 0.000141 0.000393 0.000439 0.000443 0.000567 0.000756 0.000829 0.000781 0.000747 0.000828 0.000990 0.001088 0.000926 0.000312 -0.000530 -0.000820 -0.000132 0.000574 -0.000164 -0.001811 -0.002280 
0.001871 0.000702 -0.000668 0.002356 0.001233 -0.001152 -0.002424 -0.002472 -0.001422 -0.000554 -0.000283 -0.000033 0.000195 0.000367 0.000529 0.000701 0.000789 0.000765 0.000733 0.000783 0.000925 0.001051 0.000969 0.000482 -0.000326 -0.000896 -0.000515 0.000438 0.000704 -0.000560 -0.002038 -0.002013 
0.002272 0.001387 -0.001144 0.001378 0.001628 -0.000210 -0.001495 -0.002254 -0.002446 -0.001289 -0.000151 0.000046 0.000161 0.000369 0.000566 0.000732 0.000797 0.000784 0.000792 0.000872 0.000944 0.000889 0.000543 -0.000087 -0.000684 -0.000685 0.000076 0.000865 0.000533 -0.000972 -0.002125 -0.001748 
0.002243 0.002095 -0.000866 0.000110 0.001192 0.000367 -0.000573 -0.001057 -0.001989 -0.002578 -0.001525 0.000072 0.000473 0.000425 0.000603 0.000793 0.000871 0.000883 0.000890 0.000878 0.000765 0.000465 0.000009 -0.000424 -0.000556 -0.000166 0.000604 0.001028 0.000166 -0.001286 -0.002046 -0.001489 
0.001840 0.002353 -0.000003 -0.000496 0.000260 0.000264 -0.000175 -0.000343 -0.000632 -0.001646 -0.002595 -0.001976 -0.000057 0.000995 0.000867 0.000836 0.000970 0.001011 0.000959 0.000806 0.000482 0.000012 -0.000377 -0.000461 -0.000175 0.000382 0.000990 0.000984 -0.000274 -0.001404 -0.001811 -0.001235 
0.001298 0.002026 0.000686 -0.000311 -0.000292 -0.000183 -0.000281 -0.000316 -0.000195 -0.000318 -0.001139 -0.002313 -0.002362 -0.000525 0.001387 0.001488 0.001105 0.001049 0.001003 0.000815 0.000380 -0.000310 -0.000778 -0.000468 0.000280 0.000908 0.001281 0.000730 -0.000671 -0.001306 -0.001446 -0.000949 
0.000803 0.001462 0.000854 -0.000005 -0.000358 -0.000443 -0.000501 -0.000518 -0.000415 -0.000188 -0.000063 -0.000548 -0.001801 -0.002479 -0.001070 0.001424 0.002043 0.001402 0.001087 0.001005 0.000542 -0.000676 -0.001435 -0.000541 0.000821 0.001493 0.001465 0.000270 -0.000861 -0.001004 -0.001027 -0.000632 
0.000388 0.000964 0.000703 0.000144 -0.000261 -0.000492 -0.000637 -0.000720 -0.000685 -0.000520 -0.000195 0.000190 0.000041 -0.001197 -0.002249 -0.001324 0.001161 0.002267 0.001729 0.001317 0.000675 -0.000919 -0.001891 -0.000578 0.001364 0.002043 0.001311 -0.000266 -0.000800 -0.000623 -0.000624 -0.000322 
0.000072 0.000634 0.000514 0.000174 -0.000200 -0.000529 -0.000784 -0.000910 -0.000895 -0.000760 -0.000523 -0.000145 0.000406 0.000538 -0.000623 -0.001678 -0.001043 0.000831 0.001884 0.001541 0.000776 -0.000480 -0.001503 -0.000581 0.001731 0.002260 0.000732 -0.000615 -0.000548 -0.000267 -0.000283 -0.000034 
-0.000090 0.000521 0.000434 0.000154 -0.000224 -0.000640 -0.000998 -0.001196 -0.001145 -0.000871 -0.000551 -0.000314 -0.000014 0.000592 0.000918 -0.000087 -0.000835 -0.000412 0.000261 0.000430 0.000411 0.000526 -0.000189 -0.000257 0.001995 0.001909 -0.000023 -0.000678 -0.000238 0.000005 -0.000015 0.000214 
-0.000137 0.000496 0.000321 0.000113 -0.000187 -0.000702 -0.001266 -0.001590 -0.001558 -0.001225 -0.000622 -0.000002 0.000172 0.000176 0.000738 0.001186 0.000428 -0.000013 -0.000321 -0.001445 -0.001339 0.001008 0.001519 0.000682 0.002204 0.001062 -0.000637 -0.000561 0.000043 0.000207 0.000223 0.000444 
-0.000172 0.000291 0.000226 0.000391 -0.000014 -0.000919 -0.001665 -0.001972 -0.001906 -0.001545 -0.001003 -0.000230 0.000736 0.000846 0.000380 0.000892 0.001406 0.000871 0.000255 -0.001955 -0.003794 0.000415 0.003060 0.002042 0.002206 0.000058 -0.000997 -0.000375 0.000254 0.000377 0.000426 0.000687 
-0.000408 0.000036 0.000536 0.000751 -0.000163 -0.001291 -0.002012 -0.002334 -0.002203 -0.001703 -0.001086 -0.000536 0.000212 0.001521 0.001445 0.000496 0.001090 0.001520 0.000966 -0.001014 -0.005267 -0.001313 0.004180 0.003507 0.001879 -0.000837 -0.001161 -0.000190 0.000436 0.000545 0.000685 0.000925 
-0.000637 0.000026 0.000857 0.000728 -0.000448 -0.001517 -0.002319 -0.002686 -0.002429 -0.001742 -0.001033 -0.000507 -0.000100 0.000709 0.002423 0.001613 0.000502 0.001207 0.001377 0.000119 -0.004601 -0.003269 0.004306 0.004607 0.001367 -0.001459 -0.001206 -0.000024 0.000601 0.000752 0.000990 0.001060 
-0.000563 0.000035 0.000789 0.000459 -0.000581 -0.001683 -0.002658 -0.002994 -0.002489 -0.001633 -0.000934 -0.000489 -0.000143 0.000234 0.001537 0.003261 0.001079 0.000477 0.001106 0.000708 -0.002599 -0.003982 0.003420 0.004814 0.000886 -0.001774 -0.001164 0.000137 0.000787 0.001017 0.001299 0.001097 
-0.000212 -0.000092 0.000446 0.000205 -0.000683 -0.001961 -0.003052 -0.003092 -0.002288 -0.001406 -0.000881 -0.000547 -0.000202 0.000167 0.000755 0.003053 0.003053 0.000183 0.000447 0.000665 -0.000836 -0.002907 0.002035 0.004137 0.000554 -0.001826 -0.001087 0.000276 0.000999 0.001305 0.001540 0.001196 
-0.000127 -0.000239 0.000142 0.000011 -0.000976 -0.002489 -0.003282 -0.002831 -0.001854 -0.001276 -0.001013 -0.000686 -0.000241 0.000220 0.000603 0.002047 0.004445 0.001017 -0.000183 0.000282 -0.000008 -0.001129 0.000930 0.002952 0.000437 -0.001610 -0.000984 0.000368 0.001187 0.001564 0.001723 0.001464 
-0.000455 -0.000279 0.000006 -0.000307 -0.001630 -0.002995 -0.003103 -0.002166 -0.001543 -0.001467 -0.001307 -0.000849 -0.000199 0.000399 0.000754 0.001445 0.004494 0.002635 -0.000559 -0.000079 0.000154 -0.000024 0.000556 0.001704 0.000449 -0.001111 -0.000823 0.000385 0.001326 0.001766 0.001779 0.001816 
-0.000800 -0.000250 -0.000114 -0.000952 -0.002439 -0.003104 -0.002288 -0.001552 -0.001725 -0.001908 -0.001638 -0.000916 -0.000019 0.000690 0.001039 0.001320 0.004019 0.004060 -0.000572 -0.000411 0.000084 0.000298 0.000436 0.000829 0.000471 -0.000454 -0.000547 0.000384 0.001417 0.001884 0.001718 0.002073 
-0.000933 -0.000189 -0.000550 -0.001836 -0.002978 -0.002379 -0.001309 -0.001648 -0.002267 -0.002437 -0.001884 -0.000759 0.000312 0.001010 0.001318 0.001450 0.003711 0.004854 -0.000407 -0.000770 0.000005 0.000237 0.000267 0.000307 0.000513 0.000221 -0.000178 0.000430 0.001475 0.001922 0.001508 0.002152 
