-0.003266 -0.021430 -0.006905 -0.015000 -0.028824 -0.006033 0.008464 0.012969 0.043687 -0.012653 0.001041 -0.001565 0.008481 0.002694 0.014500 0.009483 
-0.012600 -0.017944 -0.003154 -0.030472 -0.013194 -0.007581 0.007456 0.019144 0.041052 -0.017752 0.002904 -0.005322 0.016729 0.005613 0.012138 0.007894 
-0.020731 0.004461 -0.008457 -0.042166 0.003742 -0.016456 0.011243 0.040566 0.002894 -0.006775 -0.002494 0.006405 0.013860 0.009359 0.006074 0.001469 
-0.019309 0.004137 -0.011928 -0.037426 0.003652 -0.007392 0.020663 0.020277 -0.009901 0.000733 0.000658 0.019043 0.006277 0.007719 0.002251 -0.005484 
-0.004081 0.006174 -0.012583 -0.030361 0.004479 0.006703 0.010017 -0.000384 -0.000051 0.002733 0.014711 0.006728 0.007503 0.004110 -0.002474 -0.011096 
0.005951 0.013462 -0.013166 -0.014530 -0.011667 0.005943 0.004587 0.001641 0.004262 0.009134 0.006243 0.007899 0.006349 -0.005114 0.001800 -0.017311 
0.013459 0.012260 -0.004045 -0.021557 -0.004560 -0.002134 0.002620 0.004783 0.006598 0.005509 0.007885 0.008420 -0.004279 -0.003277 0.003223 -0.019430 
0.022582 -0.005362 0.009396 -0.010614 -0.022384 0.001434 0.002371 0.005335 0.006456 0.006998 0.006970 -0.000513 -0.006011 0.006588 -0.003091 -0.017608 
0.018174 -0.002129 -0.000143 -0.000924 -0.002211 -0.023898 -0.001987 0.012703 0.007086 0.007132 0.000575 -0.004304 0.002546 0.009829 -0.008851 -0.012474 
0.007432 0.004053 -0.003668 -0.004929 -0.003493 0.003134 -0.014916 -0.011551 0.020555 0.009843 -0.001051 -0.011514 0.012936 0.006686 -0.007435 -0.005699 
0.002662 0.002775 -0.003194 -0.007606 -0.007062 -0.004185 0.005879 -0.002671 -0.009410 0.012094 0.004749 -0.009765 0.019826 -0.003215 -0.001618 -0.000267 
0.002930 0.001139 -0.002855 -0.013297 -0.013090 -0.003142 0.004081 0.006889 0.006665 -0.010585 -0.006466 0.013461 0.013596 -0.006697 0.002295 0.003428 
-0.002295 0.008105 -0.007420 -0.019221 -0.016957 -0.006661 0.004684 0.012755 0.009781 0.006932 -0.044342 0.040828 -0.000413 -0.005435 0.004741 0.007970 
-0.002886 0.004842 -0.009129 -0.025275 -0.016071 -0.005148 -0.000535 0.019994 0.003795 0.008630 -0.027960 0.038024 -0.008548 -0.003415 0.008307 0.011105 
-0.002524 0.000772 -0.016328 -0.025089 -0.010586 -0.007780 0.000018 0.006444 0.031794 -0.002193 0.000654 0.012907 -0.005989 -0.002245 0.012256 0.013916 
-0.004234 -0.005090 -0.026585 -0.010327 -0.016571 -0.011829 0.004383 0.009385 0.040412 -0.007600 0.001773 0.003023 0.001713 -0.000838 0.014324 0.013489 
