0.172447 0.219743 0.267339 0.302286 0.314605 0.318329 0.332544 0.353937 0.372856 0.375723 0.358183 0.329288 0.295159 0.257312 0.216574 0.173584 0.134041 0.108111 0.098240 0.094942 0.092410 0.089856 0.088008 0.084233 0.074491 0.058842 0.044501 0.038121 0.042955 0.060923 0.091504 0.130045 
0.169556 0.211542 0.244992 0.258396 0.255030 0.257697 0.268914 0.281477 0.281319 0.256900 0.222329 0.191190 0.162240 0.131367 0.097985 0.063722 0.034552 0.027489 0.038608 0.048963 0.054407 0.057106 0.058380 0.055246 0.044754 0.031489 0.022997 0.022319 0.032385 0.055659 0.089706 0.128216 
0.158158 0.189128 0.203987 0.196667 0.185638 0.183271 0.184135 0.179187 0.149654 0.103567 0.067634 0.042238 0.017826 -0.008908 -0.036873 -0.062929 -0.073769 -0.052977 -0.020882 0.000210 0.011727 0.019065 0.022253 0.017069 0.004515 -0.004654 -0.005471 0.000955 0.017860 0.046742 0.082366 0.120133 
0.136797 0.152868 0.147628 0.126163 0.109348 0.096154 0.082343 0.054235 0.000853 -0.049384 -0.081555 -0.107025 -0.133224 -0.159659 -0.182559 -0.192954 -0.171338 -0.119648 -0.073582 -0.047923 -0.032872 -0.022528 -0.021075 -0.031787 -0.044176 -0.044996 -0.036773 -0.022100 0.002573 0.035659 0.071118 0.107031 
0.105726 0.105529 0.082455 0.052994 0.026930 0.000814 -0.029284 -0.076305 -0.137886 -0.189227 -0.229515 -0.264638 -0.294423 -0.315902 -0.322257 -0.298255 -0.236327 -0.165350 -0.118711 -0.094747 -0.078319 -0.069705 -0.076245 -0.091208 -0.095264 -0.084061 -0.066529 -0.042885 -0.011340 0.023531 0.057750 0.088195 
0.067516 0.051156 0.015690 -0.020621 -0.057670 -0.096297 -0.140225 -0.194360 -0.253898 -0.310573 -0.363988 -0.408730 -0.436669 -0.441102 -0.413104 -0.347177 -0.262599 -0.196381 -0.161348 -0.141334 -0.128299 -0.130298 -0.145070 -0.152336 -0.139993 -0.117148 -0.090678 -0.058762 -0.023151 0.011725 0.042210 0.063095 
0.025468 -0.005158 -0.047916 -0.092251 -0.139023 -0.187896 -0.240740 -0.292608 -0.341990 -0.396683 -0.451184 -0.492226 -0.506417 -0.484605 -0.425219 -0.343530 -0.271266 -0.228664 -0.206800 -0.193729 -0.193762 -0.206472 -0.213683 -0.200373 -0.172578 -0.141081 -0.106732 -0.069346 -0.032325 0.000442 0.023451 0.033493 
-0.017263 -0.058196 -0.105862 -0.157973 -0.212057 -0.267542 -0.324857 -0.372307 -0.404434 -0.440476 -0.477773 -0.499551 -0.492994 -0.453913 -0.392434 -0.332097 -0.292403 -0.271935 -0.261769 -0.262647 -0.272534 -0.276037 -0.259964 -0.228292 -0.192036 -0.154458 -0.114852 -0.075091 -0.038681 -0.011424 0.002337 0.002354 
-0.057193 -0.104243 -0.155797 -0.213774 -0.272709 -0.330688 -0.388275 -0.434759 -0.454771 -0.462891 -0.471487 -0.470148 -0.450599 -0.415317 -0.377089 -0.349142 -0.333721 -0.327157 -0.329039 -0.335026 -0.332516 -0.312355 -0.278126 -0.239159 -0.199392 -0.158225 -0.116154 -0.075737 -0.042764 -0.023758 -0.018764 -0.027701 
-0.091275 -0.141380 -0.195096 -0.256126 -0.317745 -0.375053 -0.428292 -0.473960 -0.496871 -0.492934 -0.478302 -0.460393 -0.438835 -0.416710 -0.399122 -0.387970 -0.382802 -0.383012 -0.383415 -0.374444 -0.350801 -0.315975 -0.277046 -0.237327 -0.196258 -0.153184 -0.109420 -0.070434 -0.044768 -0.035087 -0.037670 -0.054426 
-0.117770 -0.168624 -0.221660 -0.282006 -0.344426 -0.399891 -0.446148 -0.485298 -0.512723 -0.518415 -0.504314 -0.482492 -0.461186 -0.443616 -0.430564 -0.422054 -0.416956 -0.410562 -0.396158 -0.370868 -0.337529 -0.300953 -0.263384 -0.224049 -0.181410 -0.135673 -0.091776 -0.059543 -0.044981 -0.044186 -0.053134 -0.076286 
-0.136238 -0.186119 -0.235301 -0.289892 -0.350492 -0.405271 -0.446203 -0.475296 -0.497018 -0.508809 -0.506231 -0.491848 -0.472894 -0.454808 -0.439878 -0.427620 -0.414689 -0.396599 -0.371439 -0.340843 -0.307640 -0.273013 -0.235903 -0.194390 -0.148147 -0.101686 -0.064987 -0.046501 -0.044312 -0.050768 -0.064909 -0.092773 
-0.147375 -0.195068 -0.238767 -0.282322 -0.335679 -0.390834 -0.433566 -0.456914 -0.466362 -0.470578 -0.469397 -0.460836 -0.446442 -0.429645 -0.412810 -0.395571 -0.375794 -0.352005 -0.324586 -0.294711 -0.262602 -0.227047 -0.186461 -0.140856 -0.094646 -0.057111 -0.037341 -0.035657 -0.043833 -0.055443 -0.073599 -0.104288 
-0.152505 -0.196720 -0.236059 -0.266918 -0.305726 -0.356240 -0.405595 -0.438055 -0.443606 -0.430966 -0.416363 -0.402624 -0.387153 -0.370119 -0.351896 -0.332180 -0.310363 -0.286181 -0.259546 -0.229820 -0.195725 -0.156233 -0.112275 -0.068656 -0.033854 -0.016205 -0.017218 -0.029683 -0.044472 -0.059418 -0.080511 -0.112164 
-0.153559 -0.191806 -0.228704 -0.252152 -0.273754 -0.309484 -0.356385 -0.401326 -0.426400 -0.416575 -0.380972 -0.344845 -0.317321 -0.293326 -0.270419 -0.248147 -0.225652 -0.201890 -0.175486 -0.144801 -0.108850 -0.068877 -0.029753 0.000417 0.014011 0.009166 -0.008301 -0.029091 -0.047026 -0.064265 -0.087455 -0.118375 
-0.153326 -0.181610 -0.213692 -0.236598 -0.248549 -0.265348 -0.295116 -0.334080 -0.373247 -0.394855 -0.378023 -0.325305 -0.267033 -0.224119 -0.192173 -0.163727 -0.137482 -0.112350 -0.086297 -0.057541 -0.025968 0.005550 0.030716 0.042222 0.036458 0.016604 -0.009226 -0.033160 -0.052266 -0.071579 -0.096388 -0.125313 
-0.155418 -0.170749 -0.190617 -0.209923 -0.219765 -0.224875 -0.234590 -0.252850 -0.279902 -0.312525 -0.335578 -0.323774 -0.267636 -0.193691 -0.136405 -0.100134 -0.071925 -0.046655 -0.023645 -0.002225 0.018093 0.036645 0.049879 0.051307 0.037160 0.011575 -0.016861 -0.041111 -0.060786 -0.082577 -0.108835 -0.135153 
-0.163217 -0.167036 -0.170700 -0.177106 -0.180649 -0.179337 -0.176575 -0.176501 -0.182423 -0.197946 -0.224281 -0.251165 -0.252853 -0.208275 -0.132075 -0.065911 -0.029080 -0.008829 0.005291 0.015503 0.023704 0.033319 0.042899 0.042832 0.026642 -0.000733 -0.029275 -0.052195 -0.072659 -0.097396 -0.124987 -0.149120 
-0.178042 -0.176463 -0.169637 -0.163247 -0.156588 -0.147304 -0.135187 -0.121936 -0.110272 -0.103996 -0.108256 -0.127447 -0.156932 -0.173652 -0.149234 -0.084428 -0.017372 0.020418 0.034376 0.038099 0.038396 0.038900 0.038667 0.030693 0.010048 -0.018469 -0.044780 -0.065118 -0.086946 -0.114453 -0.143169 -0.166478 
-0.196363 -0.196208 -0.188035 -0.176266 -0.161729 -0.143214 -0.120387 -0.094723 -0.068972 -0.046327 -0.030295 -0.025554 -0.038123 -0.068488 -0.097637 -0.094702 -0.049910 0.011187 0.055414 0.076669 0.080469 0.068871 0.045942 0.018995 -0.010142 -0.038675 -0.060142 -0.077955 -0.101391 -0.130507 -0.159747 -0.183522 
-0.208426 -0.211186 -0.204147 -0.189120 -0.166898 -0.137677 -0.102478 -0.063951 -0.026298 0.006022 0.030135 0.045254 0.049952 0.038667 0.006836 -0.031136 -0.046271 -0.024554 0.023130 0.070198 0.095186 0.086316 0.049655 0.007021 -0.029483 -0.055888 -0.071939 -0.088580 -0.112874 -0.141716 -0.170138 -0.193869 
-0.206002 -0.208183 -0.199214 -0.180333 -0.153022 -0.117125 -0.072584 -0.022080 0.028902 0.073768 0.106116 0.122423 0.125324 0.119743 0.102953 0.067978 0.025134 -0.001743 0.000136 0.029205 0.063524 0.070379 0.039818 -0.005598 -0.043986 -0.066227 -0.078588 -0.094984 -0.118573 -0.145208 -0.170985 -0.192541 
-0.188647 -0.186380 -0.174323 -0.155589 -0.128392 -0.088335 -0.035953 0.023259 0.082906 0.137147 0.180776 0.208014 0.213161 0.199392 0.178960 0.153305 0.114411 0.069472 0.035764 0.024591 0.038229 0.048060 0.025426 -0.016814 -0.052364 -0.069661 -0.080015 -0.095704 -0.116984 -0.139987 -0.161753 -0.179274 
-0.157856 -0.149199 -0.134729 -0.114152 -0.080530 -0.032050 0.026382 0.088922 0.149788 0.203494 0.246429 0.277068 0.292610 0.284893 0.254740 0.220493 0.185814 0.141821 0.092799 0.050548 0.030040 0.028243 0.009972 -0.026742 -0.055840 -0.067837 -0.076323 -0.090066 -0.107879 -0.126564 -0.143561 -0.155494 
-0.115293 -0.098965 -0.076630 -0.044713 -0.000200 0.053795 0.113115 0.173570 0.229577 0.276281 0.311530 0.335551 0.349251 0.350787 0.328849 0.283925 0.239211 0.195746 0.143877 0.085464 0.033197 0.006962 -0.010436 -0.036678 -0.055185 -0.061341 -0.067290 -0.078043 -0.091857 -0.105920 -0.117372 -0.121888 
-0.064093 -0.037657 -0.001627 0.044347 0.097188 0.153395 0.210947 0.265637 0.311850 0.346510 0.370421 0.385535 0.392788 0.392150 0.379973 0.341733 0.285062 0.233632 0.181571 0.119540 0.049963 -0.002873 -0.026292 -0.040716 -0.047541 -0.048828 -0.052400 -0.060116 -0.070004 -0.079253 -0.084305 -0.080236 
-0.008428 0.028186 0.076402 0.132095 0.190020 0.247875 0.302947 0.349288 0.382514 0.403866 0.417199 0.424686 0.426041 0.420272 0.406874 0.379045 0.323599 0.262001 0.207498 0.148851 0.079173 0.012706 -0.019493 -0.027115 -0.027539 -0.028025 -0.031465 -0.037424 -0.044034 -0.048489 -0.046741 -0.034159 
0.046195 0.090258 0.144353 0.204147 0.265507 0.325032 0.375877 0.411186 0.431460 0.443015 0.450671 0.454060 0.450732 0.439207 0.419878 0.392883 0.346369 0.281405 0.223966 0.170950 0.112610 0.051659 0.015340 0.008318 0.006907 0.001480 -0.005771 -0.012197 -0.016540 -0.016551 -0.008352 0.011687 
0.092908 0.141352 0.196890 0.258099 0.321730 0.379811 0.421759 0.444656 0.456419 0.466033 0.474037 0.475960 0.468021 0.449393 0.422078 0.389349 0.347702 0.287519 0.229890 0.183111 0.138912 0.094810 0.063575 0.054086 0.047894 0.034717 0.020987 0.012214 0.009150 0.012987 0.026837 0.052835 
0.128237 0.178024 0.234017 0.296319 0.358747 0.408404 0.436789 0.450552 0.463242 0.477818 0.488274 0.487999 0.473764 0.446512 0.410318 0.370146 0.327862 0.275244 0.222242 0.182621 0.150503 0.122667 0.101702 0.091236 0.080806 0.062258 0.043261 0.031978 0.029708 0.036863 0.055500 0.086015 
0.152457 0.201804 0.258146 0.319340 0.373655 0.407787 0.423412 0.437563 0.457470 0.476786 0.486488 0.480142 0.456822 0.420952 0.377859 0.332426 0.288463 0.242793 0.199001 0.168176 0.145932 0.129117 0.116888 0.108185 0.096501 0.076658 0.055983 0.043780 0.042567 0.052851 0.075797 0.109874 
0.166308 0.214819 0.270073 0.323703 0.360661 0.375580 0.386730 0.407298 0.431749 0.449693 0.450763 0.432653 0.400505 0.358672 0.311357 0.264526 0.220956 0.183127 0.154364 0.136492 0.124415 0.115586 0.109564 0.103710 0.093104 0.074852 0.056049 0.045573 0.046710 0.060636 0.087259 0.123549 
