0.390641 0.531250 0.508672 0.564753 0.568127 0.419444 0.304457 0.167970 0.039514 0.090525 0.115872 0.124274 0.079767 0.038872 0.077672 0.216973 
0.312525 0.282613 0.206816 0.160779 -0.063174 -0.195654 -0.297496 -0.410461 -0.313931 -0.106522 -0.045460 -0.040899 -0.100020 -0.068026 0.032755 0.183067 
0.140553 -0.005778 -0.152178 -0.332142 -0.581435 -0.805982 -0.933155 -0.809962 -0.436248 -0.288197 -0.240547 -0.315250 -0.268961 -0.157036 -0.009410 0.120143 
-0.063557 -0.265054 -0.484537 -0.721019 -0.849601 -1.013305 -0.986631 -0.711551 -0.544265 -0.517057 -0.570619 -0.508364 -0.353179 -0.191846 -0.039114 0.021423 
-0.228305 -0.454153 -0.706411 -0.928625 -1.017713 -0.942458 -0.846645 -0.779012 -0.772498 -0.784263 -0.688127 -0.522436 -0.358058 -0.173781 -0.066072 -0.076610 
-0.323569 -0.524608 -0.776044 -0.937453 -1.025369 -1.016315 -0.937237 -0.881153 -0.833752 -0.728890 -0.591663 -0.444694 -0.249991 -0.093240 -0.087303 -0.144656 
-0.352406 -0.506142 -0.659300 -0.873651 -0.890620 -0.812931 -0.764937 -0.694014 -0.606101 -0.498635 -0.360991 -0.175633 -0.026325 -0.036559 -0.100302 -0.183212 
-0.331745 -0.462392 -0.505085 -0.628436 -0.807159 -0.734818 -0.468713 -0.341854 -0.245484 -0.138676 -0.005601 0.100597 0.070976 -0.043498 -0.119526 -0.218790 
-0.332121 -0.342008 -0.358426 -0.340334 -0.364487 -0.500638 -0.507875 -0.180177 -0.005490 0.030798 0.058024 0.103016 0.035332 -0.084897 -0.165627 -0.280496 
-0.405727 -0.366955 -0.305999 -0.212740 -0.105510 -0.035097 -0.105759 -0.244596 -0.043799 0.155610 0.166665 0.067979 -0.053393 -0.138286 -0.230720 -0.354575 
-0.433269 -0.397882 -0.289909 -0.106598 0.106154 0.243773 0.261487 0.184157 -0.016509 0.010007 0.176462 0.039431 -0.126645 -0.170277 -0.266348 -0.374573 
-0.321435 -0.267019 -0.135704 0.105522 0.360073 0.543423 0.604867 0.483547 0.341385 0.122998 0.050866 -0.011743 -0.137192 -0.164544 -0.238265 -0.310553 
-0.113572 0.032737 0.248698 0.485012 0.674894 0.768719 0.801590 0.752760 0.522202 0.315214 0.015671 -0.083099 -0.102378 -0.111551 -0.153393 -0.177124 
0.130295 0.352118 0.605723 0.815748 0.889291 0.915015 0.902915 0.835217 0.641405 0.401045 0.153588 0.001269 0.010393 -0.019116 -0.038333 -0.008270 
0.305316 0.534225 0.798304 0.907761 0.950816 1.000460 0.944044 0.794914 0.621206 0.401753 0.276237 0.195516 0.153598 0.070603 0.059437 0.133780 
0.379851 0.612520 0.758850 0.794865 0.909192 0.919830 0.782545 0.587689 0.405837 0.287759 0.243073 0.223524 0.179538 0.096642 0.098016 0.206928 
