0.089611 0.101503 0.114049 0.126877 0.139256 0.150330 0.159256 0.165451 0.169057 0.171136 0.173186 0.176273 0.180634 0.185950 0.191695 0.197266 0.201932 0.204957 0.205770 0.204196 0.200437 0.194893 0.187889 0.179749 0.170742 0.161027 0.150674 0.139688 0.128226 0.116704 0.105513 0.094911 0.085265 0.077056 0.070526 0.065558 0.061886 0.059167 0.057055 0.055252 0.053642 0.052238 0.051078 0.050090 0.049112 0.047923 0.046252 0.043834 0.040533 0.036483 0.032120 0.028020 0.024687 0.022463 0.021571 0.022135 0.024262 0.028015 0.033374 0.040267 0.048498 0.057773 0.067769 0.078386 
0.090336 0.101955 0.113907 0.125615 0.136321 0.145214 0.151622 0.155370 0.157192 0.158523 0.160619 0.163944 0.168321 0.173313 0.178397 0.182865 0.185885 0.186705 0.184998 0.180997 0.175254 0.168324 0.160574 0.152198 0.143279 0.133855 0.124037 0.113953 0.103594 0.093041 0.082644 0.072904 0.064407 0.057790 0.053288 0.050535 0.048909 0.047913 0.047189 0.046507 0.045800 0.045127 0.044552 0.044030 0.043404 0.042444 0.040892 0.038550 0.035377 0.031609 0.027691 0.024143 0.021394 0.019729 0.019343 0.020410 0.023061 0.027348 0.033267 0.040670 0.049295 0.058761 0.068769 0.079273 
0.089954 0.101089 0.112094 0.122299 0.130959 0.137370 0.141114 0.142570 0.143011 0.143888 0.145938 0.149101 0.153002 0.157193 0.161051 0.163699 0.164205 0.162027 0.157355 0.150940 0.143617 0.135931 0.128105 0.120118 0.111868 0.103259 0.094290 0.085063 0.075669 0.066187 0.056837 0.048212 0.041194 0.036590 0.034521 0.034270 0.034871 0.035668 0.036333 0.036743 0.036911 0.036946 0.036932 0.036841 0.036515 0.035716 0.034195 0.031836 0.028735 0.025233 0.021816 0.018922 0.016866 0.015863 0.016102 0.017776 0.021033 0.025947 0.032447 0.040331 0.049230 0.058779 0.068738 0.079122 
0.088426 0.098762 0.108447 0.116804 0.123150 0.126929 0.128139 0.127756 0.127314 0.127865 0.129560 0.132070 0.135013 0.137883 0.139858 0.139872 0.137116 0.131547 0.124051 0.115807 0.107657 0.099917 0.092528 0.085242 0.077811 0.070089 0.062049 0.053734 0.045285 0.036829 0.028670 0.021501 0.016449 0.014364 0.015104 0.017532 0.020372 0.022898 0.024863 0.026277 0.027261 0.027962 0.028476 0.028773 0.028668 0.027912 0.026301 0.023820 0.020745 0.017534 0.014689 0.012551 0.011286 0.011046 0.012003 0.014385 0.018348 0.023932 0.031018 0.039301 0.048379 0.057907 0.067776 0.077997 
0.085677 0.094864 0.102900 0.109151 0.113001 0.114164 0.113176 0.111469 0.110408 0.110451 0.111361 0.112786 0.114338 0.115359 0.114787 0.111532 0.105172 0.096472 0.086938 0.077828 0.069682 0.062442 0.055717 0.049114 0.042356 0.035323 0.028010 0.020487 0.012896 0.005467 -0.001346 -0.006617 -0.009103 -0.008096 -0.004233 0.000891 0.005845 0.009929 0.013027 0.015319 0.017033 0.018351 0.019350 0.019954 0.019952 0.019088 0.017233 0.014548 0.011492 0.008665 0.006519 0.005243 0.004870 0.005474 0.007252 0.010434 0.015171 0.021463 0.029086 0.037669 0.046803 0.056254 0.066001 0.075924 
0.081628 0.089351 0.095484 0.099441 0.100742 0.099482 0.096755 0.094113 0.092411 0.091600 0.091339 0.091321 0.091105 0.089799 0.086190 0.079399 0.069737 0.058779 0.048284 0.039213 0.031608 0.024989 0.018792 0.012578 0.006147 -0.000538 -0.007404 -0.014320 -0.021106 -0.027396 -0.032492 -0.035236 -0.034426 -0.029846 -0.022756 -0.015084 -0.008303 -0.002954 0.001058 0.004062 0.006401 0.008259 0.009661 0.010448 0.010366 0.009201 0.006953 0.004030 0.001102 -0.001168 -0.002449 -0.002744 -0.002146 -0.000615 0.002068 0.006132 0.011700 0.018670 0.026750 0.035504 0.044610 0.053930 0.063473 0.072875 
0.076231 0.082246 0.086312 0.087883 0.086694 0.083363 0.079353 0.075922 0.073355 0.071347 0.069628 0.067920 0.065615 0.061646 0.054831 0.044784 0.032653 0.020524 0.009934 0.001297 -0.005823 -0.012141 -0.018254 -0.024477 -0.030925 -0.037512 -0.044086 -0.050437 -0.056276 -0.061033 -0.063732 -0.063115 -0.058333 -0.049925 -0.039758 -0.029937 -0.021752 -0.015518 -0.010891 -0.007344 -0.004505 -0.002210 -0.000554 0.000208 -0.000201 -0.001889 -0.004603 -0.007669 -0.010228 -0.011682 -0.011908 -0.011124 -0.009503 -0.006971 -0.003307 0.001706 0.008102 0.015687 0.024083 0.032904 0.041904 0.051036 0.060206 0.068783 
0.069503 0.073663 0.075558 0.074734 0.071282 0.066310 0.061310 0.057017 0.053295 0.049860 0.046512 0.042917 0.038339 0.031641 0.021858 0.009280 -0.004295 -0.016804 -0.027238 -0.035730 -0.042953 -0.049592 -0.056083 -0.062645 -0.069262 -0.075774 -0.081931 -0.087446 -0.091838 -0.094268 -0.093593 -0.088734 -0.079564 -0.067459 -0.054720 -0.043359 -0.034353 -0.027677 -0.022720 -0.018818 -0.015602 -0.013041 -0.011375 -0.010940 -0.011961 -0.014331 -0.017449 -0.020363 -0.022185 -0.022528 -0.021551 -0.019617 -0.016913 -0.013332 -0.008625 -0.002652 0.004515 0.012591 0.021177 0.029960 0.038804 0.047615 0.056162 0.063605 
0.061550 0.063764 0.063460 0.060337 0.054950 0.048726 0.042839 0.037486 0.032409 0.027416 0.022343 0.016778 0.009914 0.000696 -0.011422 -0.025590 -0.039822 -0.052486 -0.063143 -0.072203 -0.080284 -0.087832 -0.095092 -0.102122 -0.108826 -0.114968 -0.120264 -0.124275 -0.126289 -0.125283 -0.120182 -0.110495 -0.097037 -0.081869 -0.067393 -0.055307 -0.046144 -0.039460 -0.034421 -0.030326 -0.026907 -0.024349 -0.023026 -0.023295 -0.025178 -0.028197 -0.031402 -0.033693 -0.034352 -0.033326 -0.031045 -0.027936 -0.024122 -0.019437 -0.013682 -0.006792 0.001038 0.009456 0.018107 0.026783 0.035367 0.043658 0.051282 0.057334 
0.052520 0.052763 0.050284 0.045071 0.038138 0.030911 0.024073 0.017486 0.010945 0.004367 -0.002456 -0.009973 -0.018933 -0.030148 -0.043766 -0.058674 -0.073180 -0.086188 -0.097642 -0.107953 -0.117472 -0.126324 -0.134510 -0.141932 -0.148401 -0.153661 -0.157340 -0.158838 -0.157281 -0.151718 -0.141536 -0.127121 -0.110147 -0.093024 -0.077938 -0.066047 -0.057337 -0.050995 -0.046047 -0.041915 -0.038586 -0.036429 -0.035912 -0.037213 -0.039988 -0.043337 -0.046045 -0.047126 -0.046238 -0.043691 -0.040084 -0.035807 -0.030862 -0.025069 -0.018293 -0.010601 -0.002272 0.006336 0.014966 0.023450 0.031605 0.039113 0.045543 0.050059 
0.042615 0.040897 0.036338 0.029334 0.021199 0.013077 0.005161 -0.002759 -0.010756 -0.018907 -0.027437 -0.036743 -0.047411 -0.059949 -0.074222 -0.089266 -0.103868 -0.117435 -0.130053 -0.141922 -0.153045 -0.163222 -0.172205 -0.179710 -0.185449 -0.189115 -0.190233 -0.188114 -0.181983 -0.171293 -0.156230 -0.138063 -0.119002 -0.101399 -0.086916 -0.076058 -0.068250 -0.062437 -0.057726 -0.053828 -0.051008 -0.049787 -0.050485 -0.052906 -0.056226 -0.059217 -0.060699 -0.060030 -0.057349 -0.053285 -0.048403 -0.042975 -0.036909 -0.030048 -0.022358 -0.014032 -0.005375 0.003313 0.011826 0.019969 0.027461 0.033934 0.039006 0.041902 
0.032046 0.028406 0.021956 0.013507 0.004418 -0.004622 -0.013712 -0.022962 -0.032356 -0.041988 -0.052077 -0.062927 -0.074854 -0.088035 -0.102259 -0.116906 -0.131380 -0.145453 -0.159127 -0.172321 -0.184693 -0.195771 -0.205058 -0.212074 -0.216434 -0.217726 -0.215440 -0.209012 -0.198049 -0.182705 -0.164002 -0.143841 -0.124529 -0.107985 -0.095179 -0.085911 -0.079204 -0.074010 -0.069761 -0.066528 -0.064796 -0.064968 -0.066996 -0.070154 -0.073241 -0.074973 -0.074516 -0.071783 -0.067317 -0.061822 -0.055771 -0.049235 -0.042099 -0.034264 -0.025837 -0.017060 -0.008225 0.000435 0.008696 0.016297 0.022893 0.028148 0.031759 0.033065 
0.021028 0.015565 0.007479 -0.002102 -0.012016 -0.022027 -0.032310 -0.042811 -0.053490 -0.064459 -0.075919 -0.088007 -0.100759 -0.114027 -0.127603 -0.141341 -0.155257 -0.169362 -0.183496 -0.197257 -0.210060 -0.221203 -0.229980 -0.235774 -0.238059 -0.236385 -0.230354 -0.219744 -0.204759 -0.186304 -0.166010 -0.146001 -0.128278 -0.114090 -0.103609 -0.096110 -0.090525 -0.086102 -0.082710 -0.080716 -0.080543 -0.082214 -0.085119 -0.088112 -0.089904 -0.089527 -0.086731 -0.081927 -0.075859 -0.069133 -0.062007 -0.054443 -0.046329 -0.037700 -0.028726 -0.019672 -0.010780 -0.002284 0.005547 0.012376 0.017874 0.021828 0.023991 0.023733 
0.009780 0.002644 -0.006778 -0.017230 -0.027932 -0.038955 -0.050366 -0.062004 -0.073810 -0.085935 -0.098522 -0.111564 -0.124789 -0.137768 -0.150259 -0.162563 -0.175253 -0.188570 -0.202189 -0.215459 -0.227595 -0.237752 -0.245101 -0.248908 -0.248630 -0.243874 -0.234509 -0.220791 -0.203535 -0.184178 -0.164623 -0.146798 -0.132076 -0.120924 -0.112897 -0.107061 -0.102628 -0.099300 -0.097298 -0.096981 -0.098394 -0.100998 -0.103734 -0.105363 -0.104888 -0.101941 -0.096814 -0.090224 -0.082852 -0.075092 -0.067005 -0.058517 -0.049602 -0.040374 -0.031042 -0.021854 -0.013034 -0.004866 0.002311 0.008165 0.012478 0.015119 0.015871 0.014110 
-0.001486 -0.010076 -0.020532 -0.031683 -0.043170 -0.055175 -0.067615 -0.080238 -0.093008 -0.106075 -0.119527 -0.133240 -0.146712 -0.159237 -0.170445 -0.180875 -0.191579 -0.203100 -0.215094 -0.226744 -0.237123 -0.245301 -0.250429 -0.251781 -0.248884 -0.241547 -0.229988 -0.214915 -0.197569 -0.179615 -0.162803 -0.148520 -0.137410 -0.129286 -0.123447 -0.119155 -0.116056 -0.114249 -0.113967 -0.115223 -0.117507 -0.119860 -0.121120 -0.120344 -0.117112 -0.111648 -0.104588 -0.096633 -0.088262 -0.079641 -0.070726 -0.061480 -0.051957 -0.042330 -0.032800 -0.023605 -0.015012 -0.007375 -0.001054 0.003707 0.006815 0.008193 0.007586 0.004391 
-0.012532 -0.022313 -0.033548 -0.045316 -0.057556 -0.070467 -0.083799 -0.097260 -0.110806 -0.124567 -0.138609 -0.152743 -0.166343 -0.178452 -0.188453 -0.196859 -0.204991 -0.213789 -0.223127 -0.232171 -0.239925 -0.245457 -0.247966 -0.246851 -0.241816 -0.232933 -0.220735 -0.206235 -0.190812 -0.175990 -0.163058 -0.152724 -0.145020 -0.139466 -0.135479 -0.132742 -0.131239 -0.131102 -0.132256 -0.134203 -0.136059 -0.136787 -0.135526 -0.131891 -0.126050 -0.118568 -0.110129 -0.101235 -0.092120 -0.082794 -0.073220 -0.063406 -0.053474 -0.043601 -0.033995 -0.024929 -0.016753 -0.009858 -0.004537 -0.000903 0.001039 0.001221 -0.000692 -0.005257 
-0.023123 -0.033840 -0.045668 -0.057966 -0.070905 -0.084599 -0.098682 -0.112824 -0.126962 -0.141173 -0.155522 -0.169835 -0.183463 -0.195316 -0.204505 -0.211185 -0.216637 -0.222170 -0.228110 -0.233859 -0.238489 -0.241131 -0.241091 -0.237964 -0.231665 -0.222496 -0.211195 -0.198828 -0.186628 -0.175697 -0.166730 -0.159885 -0.154892 -0.151367 -0.149035 -0.147876 -0.147892 -0.148938 -0.150502 -0.151770 -0.151837 -0.149969 -0.145846 -0.139611 -0.131774 -0.122954 -0.113662 -0.104159 -0.094496 -0.084637 -0.074572 -0.064380 -0.054179 -0.044174 -0.034616 -0.025850 -0.018291 -0.012305 -0.008059 -0.005543 -0.004697 -0.005658 -0.008801 -0.014629 
-0.033056 -0.044487 -0.056756 -0.069503 -0.083030 -0.097358 -0.112045 -0.126719 -0.141264 -0.155709 -0.170095 -0.184318 -0.197833 -0.209594 -0.218494 -0.224194 -0.227561 -0.229990 -0.232343 -0.234533 -0.235924 -0.235802 -0.233651 -0.229231 -0.222626 -0.214286 -0.204943 -0.195498 -0.186825 -0.179511 -0.173776 -0.169513 -0.166505 -0.164572 -0.163688 -0.163783 -0.164641 -0.165737 -0.166346 -0.165676 -0.163143 -0.158505 -0.151898 -0.143784 -0.134727 -0.125183 -0.115436 -0.105549 -0.095503 -0.085266 -0.074877 -0.064414 -0.054048 -0.044003 -0.034630 -0.026356 -0.019622 -0.014667 -0.011524 -0.010069 -0.010258 -0.012289 -0.016584 -0.023528 
-0.042174 -0.054120 -0.066704 -0.079788 -0.093755 -0.108540 -0.123678 -0.138748 -0.153546 -0.168024 -0.182215 -0.196078 -0.209260 -0.220931 -0.229960 -0.235580 -0.238006 -0.238344 -0.237746 -0.236726 -0.235166 -0.232689 -0.228981 -0.223944 -0.217754 -0.210830 -0.203750 -0.197118 -0.191363 -0.186709 -0.183149 -0.180589 -0.178949 -0.178192 -0.178212 -0.178742 -0.179273 -0.179156 -0.177728 -0.174537 -0.169411 -0.162507 -0.154231 -0.145071 -0.135445 -0.125607 -0.115644 -0.105538 -0.095236 -0.084739 -0.074102 -0.063440 -0.052958 -0.043000 -0.034001 -0.026455 -0.020717 -0.016883 -0.014822 -0.014366 -0.015514 -0.018548 -0.023887 -0.031811 
-0.050358 -0.062651 -0.075417 -0.088712 -0.102909 -0.117960 -0.133388 -0.148728 -0.163650 -0.178020 -0.191828 -0.205098 -0.217690 -0.229056 -0.238286 -0.244435 -0.247140 -0.246910 -0.244772 -0.241620 -0.237897 -0.233682 -0.228933 -0.223693 -0.218143 -0.212575 -0.207321 -0.202663 -0.198770 -0.195670 -0.193350 -0.191780 -0.190930 -0.190670 -0.190705 -0.190564 -0.189683 -0.187519 -0.183724 -0.178197 -0.171101 -0.162787 -0.153667 -0.144122 -0.134357 -0.124469 -0.114428 -0.104182 -0.093691 -0.082976 -0.072101 -0.061257 -0.050757 -0.041067 -0.032711 -0.026148 -0.021561 -0.018885 -0.017862 -0.018331 -0.020374 -0.024333 -0.030602 -0.039360 
-0.057528 -0.070014 -0.082849 -0.096171 -0.110382 -0.125462 -0.141002 -0.156478 -0.171441 -0.185620 -0.198941 -0.211468 -0.223209 -0.233952 -0.243096 -0.249829 -0.253483 -0.254002 -0.251952 -0.248209 -0.243526 -0.238396 -0.233094 -0.227801 -0.222690 -0.217932 -0.213669 -0.210000 -0.206946 -0.204529 -0.202739 -0.201530 -0.200760 -0.200142 -0.199249 -0.197589 -0.194744 -0.190436 -0.184619 -0.177440 -0.169210 -0.160277 -0.150943 -0.141399 -0.131713 -0.121862 -0.111780 -0.101398 -0.090691 -0.079706 -0.068583 -0.057633 -0.047316 -0.038198 -0.030821 -0.025478 -0.022167 -0.020634 -0.020585 -0.021901 -0.024773 -0.029572 -0.036644 -0.046075 
-0.063645 -0.076187 -0.088960 -0.102127 -0.116090 -0.130936 -0.146373 -0.161850 -0.176789 -0.190766 -0.203597 -0.215325 -0.226080 -0.235878 -0.244480 -0.251356 -0.255886 -0.257663 -0.256783 -0.253783 -0.249387 -0.244258 -0.238895 -0.233626 -0.228670 -0.224156 -0.220166 -0.216724 -0.213853 -0.211530 -0.209704 -0.208230 -0.206826 -0.205128 -0.202725 -0.199269 -0.194554 -0.188557 -0.181415 -0.173375 -0.164723 -0.155708 -0.146483 -0.137101 -0.127526 -0.117683 -0.107486 -0.096872 -0.085856 -0.074560 -0.063264 -0.052429 -0.042659 -0.034533 -0.028474 -0.024547 -0.022555 -0.022119 -0.022958 -0.025053 -0.028681 -0.034221 -0.041968 -0.051899 
-0.068705 -0.081193 -0.093786 -0.106608 -0.120045 -0.134358 -0.149429 -0.164739 -0.179595 -0.193418 -0.205863 -0.216883 -0.226634 -0.235309 -0.242957 -0.249374 -0.254157 -0.256881 -0.257339 -0.255680 -0.252352 -0.247941 -0.242995 -0.237932 -0.233049 -0.228526 -0.224455 -0.220890 -0.217826 -0.215207 -0.212896 -0.210646 -0.208141 -0.205047 -0.201072 -0.196064 -0.189993 -0.182970 -0.175198 -0.166894 -0.158266 -0.149417 -0.140390 -0.131134 -0.121567 -0.111588 -0.101118 -0.090142 -0.078759 -0.067241 -0.056039 -0.045758 -0.037026 -0.030341 -0.025874 -0.023485 -0.022779 -0.023350 -0.024985 -0.027787 -0.032087 -0.038266 -0.046550 -0.056836 
-0.072760 -0.085098 -0.097405 -0.109718 -0.122389 -0.135839 -0.150203 -0.165108 -0.179811 -0.193554 -0.205818 -0.216375 -0.225289 -0.232837 -0.239276 -0.244727 -0.249043 -0.251953 -0.253198 -0.252683 -0.250556 -0.247165 -0.242959 -0.238342 -0.233655 -0.229148 -0.224962 -0.221165 -0.217735 -0.214580 -0.211507 -0.208259 -0.204559 -0.200177 -0.194973 -0.188913 -0.182089 -0.174633 -0.166721 -0.158494 -0.150034 -0.141365 -0.132427 -0.123127 -0.113369 -0.103052 -0.092159 -0.080776 -0.069158 -0.057759 -0.047153 -0.037997 -0.030849 -0.025966 -0.023275 -0.022414 -0.022896 -0.024362 -0.026698 -0.030125 -0.035021 -0.041733 -0.050413 -0.060893 
-0.075867 -0.087962 -0.099923 -0.111625 -0.123331 -0.135614 -0.148907 -0.163072 -0.177433 -0.191158 -0.203499 -0.213993 -0.222487 -0.229133 -0.234339 -0.238480 -0.241733 -0.244055 -0.245258 -0.245202 -0.243848 -0.241332 -0.237892 -0.233853 -0.229523 -0.225155 -0.220914 -0.216885 -0.213048 -0.209282 -0.205415 -0.201234 -0.196560 -0.191257 -0.185293 -0.178711 -0.171606 -0.164092 -0.156268 -0.148189 -0.139853 -0.131196 -0.122130 -0.112553 -0.102376 -0.091588 -0.080272 -0.068683 -0.057246 -0.046527 -0.037180 -0.029767 -0.024634 -0.021779 -0.020884 -0.021446 -0.022988 -0.025205 -0.028152 -0.032124 -0.037526 -0.044650 -0.053593 -0.064137 
-0.078100 -0.089876 -0.101456 -0.112514 -0.123164 -0.134042 -0.145899 -0.158919 -0.172642 -0.186237 -0.198846 -0.209732 -0.218431 -0.224796 -0.229088 -0.231838 -0.233599 -0.234656 -0.235020 -0.234602 -0.233305 -0.231136 -0.228179 -0.224604 -0.220633 -0.216445 -0.212212 -0.207994 -0.203788 -0.199491 -0.194990 -0.190138 -0.184831 -0.179025 -0.172727 -0.165985 -0.158874 -0.151449 -0.143729 -0.135697 -0.127284 -0.118411 -0.108978 -0.098926 -0.088254 -0.077061 -0.065599 -0.054287 -0.043658 -0.034347 -0.026912 -0.021734 -0.018882 -0.018094 -0.018880 -0.020696 -0.023103 -0.025950 -0.029410 -0.033853 -0.039675 -0.047105 -0.056170 -0.066624 
-0.079549 -0.090929 -0.102103 -0.112569 -0.122196 -0.131582 -0.141710 -0.153162 -0.165805 -0.178969 -0.191778 -0.203343 -0.212882 -0.219864 -0.224105 -0.225949 -0.226123 -0.225376 -0.224162 -0.222574 -0.220550 -0.218011 -0.214965 -0.211468 -0.207615 -0.203514 -0.199252 -0.194871 -0.190378 -0.185712 -0.180801 -0.175564 -0.169957 -0.163965 -0.157603 -0.150899 -0.143869 -0.136505 -0.128770 -0.120598 -0.111909 -0.102619 -0.092698 -0.082171 -0.071148 -0.059916 -0.048853 -0.038498 -0.029434 -0.022202 -0.017198 -0.014528 -0.013994 -0.015136 -0.017389 -0.020221 -0.023317 -0.026668 -0.030562 -0.035412 -0.041557 -0.049173 -0.058230 -0.068460 
-0.080321 -0.091189 -0.101937 -0.111915 -0.120695 -0.128688 -0.136973 -0.146512 -0.157572 -0.169807 -0.182426 -0.194549 -0.205233 -0.213598 -0.218965 -0.221115 -0.220460 -0.217935 -0.214535 -0.210927 -0.207324 -0.203657 -0.199830 -0.195811 -0.191621 -0.187284 -0.182818 -0.178227 -0.173492 -0.168571 -0.163431 -0.158023 -0.152329 -0.146338 -0.140033 -0.133404 -0.126418 -0.119022 -0.111134 -0.102682 -0.093602 -0.083881 -0.073560 -0.062797 -0.051873 -0.041179 -0.031236 -0.022579 -0.015743 -0.011097 -0.008778 -0.008634 -0.010241 -0.013042 -0.016467 -0.020078 -0.023695 -0.027445 -0.031707 -0.036887 -0.043279 -0.050982 -0.059895 -0.069756 
-0.080520 -0.090740 -0.100991 -0.110570 -0.118777 -0.125679 -0.132271 -0.139745 -0.148815 -0.159497 -0.171299 -0.183419 -0.194932 -0.204862 -0.212194 -0.216101 -0.216283 -0.213192 -0.207915 -0.201740 -0.195601 -0.189873 -0.184489 -0.179297 -0.174192 -0.169142 -0.164115 -0.159087 -0.154007 -0.148825 -0.143506 -0.138014 -0.132309 -0.126359 -0.120126 -0.113547 -0.106545 -0.099041 -0.090957 -0.082226 -0.072850 -0.062893 -0.052520 -0.042024 -0.031809 -0.022366 -0.014230 -0.007898 -0.003731 -0.001871 -0.002199 -0.004329 -0.007743 -0.011845 -0.016143 -0.020297 -0.024292 -0.028365 -0.032945 -0.038404 -0.044965 -0.052647 -0.061293 -0.070638 
-0.080296 -0.089666 -0.099275 -0.108467 -0.116341 -0.122594 -0.127899 -0.133480 -0.140369 -0.149002 -0.159226 -0.170490 -0.182013 -0.192907 -0.202134 -0.208581 -0.211266 -0.209764 -0.204475 -0.196579 -0.187602 -0.178819 -0.170827 -0.163650 -0.157029 -0.150761 -0.144742 -0.138904 -0.133203 -0.127572 -0.121959 -0.116297 -0.110521 -0.104572 -0.098360 -0.091787 -0.084768 -0.077200 -0.069021 -0.060218 -0.050852 -0.041083 -0.031200 -0.021588 -0.012739 -0.005171 0.000629 0.004307 0.005709 0.004933 0.002299 -0.001693 -0.006472 -0.011512 -0.016385 -0.020908 -0.025170 -0.029518 -0.034376 -0.040080 -0.046743 -0.054311 -0.062573 -0.071268 
-0.079816 -0.088109 -0.096827 -0.105487 -0.113129 -0.119116 -0.123696 -0.127847 -0.132721 -0.139078 -0.147134 -0.156658 -0.167115 -0.177834 -0.187989 -0.196547 -0.202307 -0.204138 -0.201424 -0.194411 -0.184260 -0.172653 -0.161219 -0.150876 -0.141811 -0.133751 -0.126348 -0.119384 -0.112744 -0.106375 -0.100206 -0.094168 -0.088170 -0.082098 -0.075848 -0.069300 -0.062337 -0.054880 -0.046890 -0.038385 -0.029506 -0.020484 -0.011670 -0.003519 0.003460 0.008789 0.012097 0.013202 0.012140 0.009176 0.004748 -0.000600 -0.006318 -0.011945 -0.017170 -0.021917 -0.026387 -0.030986 -0.036113 -0.042020 -0.048738 -0.056118 -0.063897 -0.071813 
-0.079305 -0.086291 -0.093798 -0.101591 -0.108850 -0.114719 -0.119030 -0.122356 -0.125690 -0.129928 -0.135597 -0.142762 -0.151213 -0.160525 -0.170194 -0.179508 -0.187460 -0.192800 -0.194240 -0.190949 -0.182906 -0.171106 -0.157297 -0.143384 -0.130704 -0.119747 -0.110300 -0.101911 -0.094186 -0.086915 -0.080012 -0.073411 -0.067018 -0.060729 -0.054409 -0.047943 -0.041213 -0.034147 -0.026718 -0.018992 -0.011114 -0.003350 0.003935 0.010291 0.015261 0.018439 0.019563 0.018568 0.015614 0.011061 0.005408 -0.000815 -0.007099 -0.013059 -0.018466 -0.023344 -0.027989 -0.032836 -0.038241 -0.044337 -0.051065 -0.058194 -0.065417 -0.072463 
-0.079014 -0.084517 -0.090485 -0.096992 -0.103435 -0.108984 -0.113152 -0.116088 -0.118459 -0.121054 -0.124520 -0.129190 -0.135115 -0.142145 -0.150063 -0.158519 -0.166946 -0.174403 -0.179608 -0.181171 -0.177998 -0.169749 -0.157128 -0.141786 -0.125827 -0.111008 -0.098250 -0.087557 -0.078419 -0.070246 -0.062696 -0.055589 -0.048844 -0.042363 -0.036058 -0.029818 -0.023553 -0.017197 -0.010736 -0.004206 0.002265 0.008468 0.014095 0.018756 0.022036 0.023588 0.023166 0.020758 0.016586 0.011043 0.004644 -0.002075 -0.008658 -0.014762 -0.020232 -0.025196 -0.030017 -0.035141 -0.040822 -0.047104 -0.053815 -0.060655 -0.067287 -0.073421 
-0.079215 -0.083174 -0.087392 -0.092188 -0.097277 -0.101988 -0.105727 -0.108334 -0.110093 -0.111564 -0.113310 -0.115775 -0.119191 -0.123636 -0.129103 -0.135534 -0.142749 -0.150304 -0.157369 -0.162701 -0.164824 -0.162422 -0.154791 -0.142273 -0.126271 -0.108942 -0.092406 -0.078082 -0.066340 -0.056739 -0.048526 -0.041169 -0.034379 -0.028011 -0.021989 -0.016252 -0.010743 -0.005410 -0.000216 0.004851 0.009767 0.014428 0.018637 0.022067 0.024309 0.024941 0.023696 0.020538 0.015691 0.009604 0.002806 -0.004166 -0.010869 -0.016984 -0.022442 -0.027468 -0.032493 -0.037914 -0.043897 -0.050354 -0.057034 -0.063586 -0.069624 -0.074871 
-0.080171 -0.082664 -0.085092 -0.087955 -0.091250 -0.094546 -0.097326 -0.099281 -0.100431 -0.101051 -0.101541 -0.102287 -0.103584 -0.105626 -0.108550 -0.112469 -0.117461 -0.123480 -0.130220 -0.136979 -0.142593 -0.145582 -0.144438 -0.138132 -0.126585 -0.110853 -0.092991 -0.075358 -0.059858 -0.047329 -0.037526 -0.029648 -0.022981 -0.017095 -0.011760 -0.006891 -0.002440 0.001633 0.005400 0.008955 0.012400 0.015781 0.019000 0.021736 0.023508 0.023792 0.022215 0.018704 0.013518 0.007127 0.000120 -0.006951 -0.013632 -0.019660 -0.025051 -0.030144 -0.035406 -0.041156 -0.047442 -0.054076 -0.060728 -0.067006 -0.072517 -0.076956 
-0.082063 -0.083327 -0.084172 -0.085163 -0.086517 -0.088052 -0.089417 -0.090302 -0.090586 -0.090347 -0.089801 -0.089208 -0.088820 -0.088853 -0.089498 -0.090939 -0.093380 -0.097001 -0.101868 -0.107812 -0.114279 -0.120231 -0.124223 -0.124632 -0.120142 -0.110263 -0.095660 -0.078133 -0.060140 -0.043960 -0.030932 -0.021126 -0.013809 -0.008166 -0.003602 0.000217 0.003444 0.006185 0.008542 0.010712 0.012897 0.015248 0.017717 0.019970 0.021429 0.021466 0.019637 0.015863 0.010416 0.003828 -0.003281 -0.010332 -0.016878 -0.022710 -0.027994 -0.033180 -0.038707 -0.044807 -0.051391 -0.058195 -0.064837 -0.070898 -0.075980 -0.079775 
-0.084984 -0.085377 -0.085038 -0.084519 -0.084155 -0.083975 -0.083799 -0.083385 -0.082582 -0.081354 -0.079782 -0.077993 -0.076177 -0.074500 -0.073155 -0.072353 -0.072312 -0.073298 -0.075563 -0.079266 -0.084379 -0.090506 -0.096756 -0.101753 -0.103815 -0.101406 -0.093674 -0.080872 -0.064478 -0.046864 -0.030538 -0.017275 -0.007520 -0.000724 0.003943 0.007206 0.009529 0.011195 0.012432 0.013473 0.014570 0.015909 0.017447 0.018860 0.019566 0.018946 0.016566 0.012345 0.006582 -0.000187 -0.007314 -0.014209 -0.020463 -0.026027 -0.031194 -0.036493 -0.042313 -0.048748 -0.055615 -0.062578 -0.069233 -0.075157 -0.079959 -0.083324 
-0.088841 -0.088810 -0.087796 -0.086321 -0.084747 -0.083230 -0.081721 -0.080077 -0.078147 -0.075851 -0.073178 -0.070193 -0.067003 -0.063748 -0.060598 -0.057738 -0.055409 -0.053861 -0.053398 -0.054320 -0.056856 -0.061100 -0.066807 -0.073260 -0.079167 -0.082842 -0.082587 -0.077262 -0.066731 -0.052106 -0.035524 -0.019535 -0.006209 0.003640 0.010298 0.014520 0.017072 0.018528 0.019283 0.019619 0.019778 0.019884 0.019932 0.019702 0.018800 0.016778 0.013316 0.008348 0.002132 -0.004797 -0.011824 -0.018406 -0.024250 -0.029464 -0.034534 -0.039975 -0.046082 -0.052819 -0.059928 -0.067026 -0.073719 -0.079603 -0.084288 -0.087470 
-0.093326 -0.093276 -0.092107 -0.090239 -0.088028 -0.085666 -0.083188 -0.080505 -0.077508 -0.074110 -0.070268 -0.066011 -0.061415 -0.056610 -0.051754 -0.047035 -0.042655 -0.038864 -0.035927 -0.034149 -0.033844 -0.035303 -0.038722 -0.043999 -0.050583 -0.057296 -0.062464 -0.064295 -0.061437 -0.053452 -0.041051 -0.026023 -0.010773 0.002544 0.012798 0.019963 0.024599 0.027354 0.028747 0.029097 0.028576 0.027288 0.025284 0.022604 0.019235 0.015096 0.010036 0.004025 -0.002734 -0.009784 -0.016583 -0.022690 -0.028008 -0.032884 -0.037878 -0.043482 -0.049840 -0.056819 -0.064097 -0.071297 -0.078045 -0.083955 -0.088680 -0.091914 
-0.097841 -0.098071 -0.097100 -0.095250 -0.092810 -0.089962 -0.086769 -0.083190 -0.079141 -0.074571 -0.069441 -0.063803 -0.057737 -0.051386 -0.044918 -0.038536 -0.032438 -0.026834 -0.021952 -0.018023 -0.015317 -0.014138 -0.014809 -0.017596 -0.022545 -0.029253 -0.036679 -0.043190 -0.046950 -0.046493 -0.041146 -0.031263 -0.018202 -0.004026 0.009176 0.020079 0.028301 0.033997 0.037459 0.038893 0.038371 0.035952 0.031855 0.026464 0.020274 0.013663 0.006762 -0.000427 -0.007747 -0.014838 -0.021264 -0.026779 -0.031549 -0.036110 -0.041085 -0.046832 -0.053390 -0.060514 -0.067879 -0.075114 -0.081900 -0.087880 -0.092726 -0.096160 
-0.101616 -0.102209 -0.101546 -0.099855 -0.097330 -0.094122 -0.090284 -0.085804 -0.080656 -0.074806 -0.068279 -0.061141 -0.053521 -0.045596 -0.037573 -0.029687 -0.022154 -0.015184 -0.008957 -0.003634 0.000617 0.003611 0.005086 0.004726 0.002214 -0.002619 -0.009532 -0.017610 -0.025295 -0.030772 -0.032535 -0.029776 -0.022552 -0.011781 0.000925 0.013680 0.025057 0.034233 0.040796 0.044462 0.045018 0.042432 0.037014 0.029514 0.020914 0.012085 0.003463 -0.004818 -0.012611 -0.019614 -0.025542 -0.030416 -0.034681 -0.039012 -0.043994 -0.049859 -0.056513 -0.063678 -0.071016 -0.078218 -0.084971 -0.090980 -0.095946 -0.099603 
-0.103909 -0.104761 -0.104306 -0.102678 -0.100002 -0.096379 -0.091856 -0.086458 -0.080186 -0.073056 -0.065120 -0.056473 -0.047282 -0.037754 -0.028149 -0.018758 -0.009856 -0.001702 0.005512 0.011652 0.016644 0.020438 0.022961 0.024049 0.023426 0.020742 0.015732 0.008497 -0.000194 -0.008870 -0.015793 -0.019495 -0.019137 -0.014561 -0.006309 0.004471 0.016169 0.027270 0.036517 0.042859 0.045496 0.044020 0.038651 0.030296 0.020316 0.009994 0.000116 -0.008978 -0.017036 -0.023797 -0.029157 -0.033424 -0.037274 -0.041465 -0.046463 -0.052377 -0.059025 -0.066101 -0.073306 -0.080352 -0.086980 -0.092923 -0.097902 -0.101680 
-0.104282 -0.105163 -0.104701 -0.102940 -0.099966 -0.095858 -0.090684 -0.084486 -0.077280 -0.069096 -0.059985 -0.050037 -0.039413 -0.028343 -0.017133 -0.006114 0.004336 0.013886 0.022237 0.029190 0.034648 0.038653 0.041288 0.042656 0.042719 0.041277 0.037993 0.032509 0.024823 0.015572 0.006106 -0.001951 -0.007238 -0.008962 -0.006838 -0.001106 0.007429 0.017440 0.027320 0.035405 0.040176 0.040574 0.036422 0.028489 0.018260 0.007324 -0.003222 -0.012741 -0.020817 -0.027188 -0.031954 -0.035698 -0.039264 -0.043365 -0.048360 -0.054237 -0.060757 -0.067636 -0.074580 -0.081360 -0.087746 -0.093477 -0.098318 -0.102033 
-0.102615 -0.103296 -0.102576 -0.100495 -0.097151 -0.092624 -0.087022 -0.080368 -0.072661 -0.063848 -0.053939 -0.042998 -0.031173 -0.018741 -0.006015 0.006606 0.018732 0.029953 0.039865 0.048131 0.054510 0.058919 0.061488 0.062469 0.062168 0.060725 0.058060 0.053840 0.047664 0.039437 0.029693 0.019650 0.010783 0.004280 0.000882 0.000924 0.004391 0.010718 0.018704 0.026604 0.032407 0.034401 0.031768 0.024904 0.015190 0.004295 -0.006406 -0.015989 -0.023828 -0.029692 -0.033899 -0.037231 -0.040599 -0.044645 -0.049581 -0.055322 -0.061610 -0.068172 -0.074757 -0.081166 -0.087177 -0.092576 -0.097110 -0.100573 
-0.099012 -0.099247 -0.098082 -0.095598 -0.091939 -0.087248 -0.081579 -0.074872 -0.066981 -0.057778 -0.047205 -0.035360 -0.022469 -0.008846 0.005114 0.019039 0.032530 0.045198 0.056651 0.066488 0.074333 0.079892 0.083046 0.083949 0.083010 0.080747 0.077540 0.073402 0.068056 0.061061 0.052254 0.042086 0.031646 0.022212 0.014796 0.010065 0.008420 0.010001 0.014353 0.020219 0.025538 0.028135 0.026576 0.020753 0.011766 0.001235 -0.009292 -0.018643 -0.026050 -0.031343 -0.035033 -0.038047 -0.041276 -0.045239 -0.050046 -0.055554 -0.061515 -0.067672 -0.073817 -0.079756 -0.085312 -0.090248 -0.094347 -0.097386 
-0.093581 -0.093184 -0.091466 -0.088604 -0.084810 -0.080175 -0.074607 -0.067857 -0.059650 -0.049817 -0.038383 -0.025549 -0.011648 0.002926 0.017777 0.032524 0.046802 0.060266 0.072592 0.083478 0.092588 0.099551 0.104012 0.105758 0.104897 0.101946 0.097634 0.092561 0.086896 0.080357 0.072494 0.063094 0.052528 0.041743 0.031817 0.023583 0.017664 0.014578 0.014576 0.017162 0.020738 0.022943 0.021819 0.016714 0.008383 -0.001673 -0.011831 -0.020728 -0.027542 -0.032224 -0.035443 -0.038199 -0.041287 -0.045111 -0.049711 -0.054901 -0.060450 -0.066142 -0.071780 -0.077197 -0.082210 -0.086600 -0.090135 -0.092572 
-0.086422 -0.085265 -0.082956 -0.079772 -0.075878 -0.071200 -0.065435 -0.058197 -0.049197 -0.038400 -0.025967 -0.012225 0.002431 0.017619 0.032971 0.048097 0.062655 0.076313 0.088810 0.099928 0.109471 0.117214 0.122830 0.125904 0.126100 0.123435 0.118471 0.112157 0.105287 0.098134 0.090427 0.081673 0.071630 0.060602 0.049371 0.038808 0.029629 0.022494 0.018086 0.016711 0.017560 0.018547 0.017330 0.012702 0.004976 -0.004507 -0.014094 -0.022331 -0.028415 -0.032444 -0.035220 -0.037713 -0.040626 -0.044243 -0.048544 -0.053347 -0.058436 -0.063611 -0.068703 -0.073549 -0.077961 -0.081711 -0.084544 -0.086213 
-0.077628 -0.075635 -0.072700 -0.069078 -0.064804 -0.059603 -0.053055 -0.044783 -0.034682 -0.022850 -0.009589 0.004756 0.019814 0.035258 0.050715 0.065826 0.080237 0.093642 0.105820 0.116586 0.125854 0.133525 0.139465 0.143408 0.144884 0.143426 0.138931 0.132016 0.123813 0.115295 0.106780 0.097944 0.088262 0.077466 0.065799 0.053876 0.042403 0.032052 0.023658 0.018079 0.015450 0.014399 0.012579 0.008260 0.001220 -0.007470 -0.016221 -0.023553 -0.028756 -0.032086 -0.034404 -0.036610 -0.039284 -0.042617 -0.046555 -0.050918 -0.055498 -0.060129 -0.064645 -0.068876 -0.072620 -0.075630 -0.077618 -0.078354 
-0.067340 -0.064427 -0.060695 -0.056311 -0.051137 -0.044818 -0.036965 -0.027405 -0.016165 -0.003488 0.010309 0.024931 0.040084 0.055442 0.070651 0.085366 0.099234 0.111997 0.123443 0.133469 0.142011 0.149063 0.154622 0.158602 0.160749 0.160529 0.157335 0.150987 0.142190 0.132270 0.122309 0.112556 0.102620 0.091946 0.080250 0.067700 0.054782 0.042096 0.030424 0.020875 0.014361 0.010507 0.007459 0.003203 -0.003043 -0.010672 -0.018251 -0.024407 -0.028589 -0.031165 -0.032992 -0.034873 -0.037246 -0.040234 -0.043757 -0.047640 -0.051696 -0.055757 -0.059667 -0.063236 -0.066238 -0.068398 -0.069409 -0.069084 
-0.055720 -0.051756 -0.046959 -0.041369 -0.034787 -0.026909 -0.017535 -0.006652 0.005564 0.018840 0.032923 0.047587 0.062572 0.077568 0.092226 0.106186 0.119150 0.130887 0.141246 0.150186 0.157701 0.163844 0.168644 0.172117 0.174181 0.174549 0.172601 0.167607 0.159368 0.148777 0.137346 0.126142 0.115289 0.104279 0.092535 0.079778 0.066097 0.051902 0.037823 0.024919 0.014572 0.007447 0.002540 -0.002038 -0.007530 -0.013873 -0.019989 -0.024748 -0.027803 -0.029608 -0.030941 -0.032461 -0.034495 -0.037098 -0.040179 -0.043566 -0.047081 -0.050567 -0.053834 -0.056691 -0.058873 -0.060071 -0.060017 -0.058543 
-0.042970 -0.037808 -0.031663 -0.024521 -0.016227 -0.006628 0.004286 0.016355 0.029334 0.043013 0.057211 0.071747 0.086377 0.100780 0.114610 0.127532 0.139272 0.149662 0.158649 0.166256 0.172553 0.177608 0.181489 0.184225 0.185792 0.186080 0.184725 0.181006 0.174110 0.163937 0.151685 0.138995 0.126783 0.114952 0.102893 0.090021 0.076061 0.061084 0.045475 0.030105 0.016463 0.006018 -0.001170 -0.006493 -0.011428 -0.016444 -0.020956 -0.024248 -0.026187 -0.027265 -0.028144 -0.029319 -0.031008 -0.033226 -0.035864 -0.038758 -0.041738 -0.044624 -0.047232 -0.049322 -0.050612 -0.050790 -0.049599 -0.046930 
-0.029357 -0.022890 -0.015239 -0.006414 0.003653 0.014915 0.027184 0.040221 0.053794 0.067753 0.081972 0.096287 0.110428 0.124064 0.136848 0.148472 0.158736 0.167567 0.175018 0.181179 0.186180 0.190119 0.193042 0.194982 0.195901 0.195754 0.194371 0.191293 0.185683 0.176736 0.164658 0.150987 0.137356 0.124368 0.111690 0.098630 0.084634 0.069443 0.053147 0.036314 0.020277 0.006937 -0.002601 -0.008983 -0.013647 -0.017479 -0.020497 -0.022440 -0.023440 -0.023946 -0.024475 -0.025381 -0.026777 -0.028651 -0.030877 -0.033298 -0.035753 -0.038046 -0.039959 -0.041247 -0.041600 -0.040720 -0.038373 -0.034489 
-0.015178 -0.007423 0.001704 0.012139 0.023792 0.036446 0.049810 0.063608 0.077655 0.091847 0.106064 0.120110 0.133669 0.146403 0.157947 0.168081 0.176710 0.183893 0.189778 0.194545 0.198328 0.201218 0.203250 0.204401 0.204646 0.203926 0.202150 0.199120 0.194234 0.186559 0.175458 0.161646 0.146938 0.132742 0.119231 0.105853 0.091916 0.076912 0.060635 0.043337 0.026022 0.010640 -0.000946 -0.008494 -0.013151 -0.016114 -0.017942 -0.018886 -0.019241 -0.019436 -0.019822 -0.020600 -0.021821 -0.023427 -0.025306 -0.027307 -0.029253 -0.030950 -0.032166 -0.032625 -0.032025 -0.030079 -0.026600 -0.021500 
-0.000801 0.008158 0.018565 0.030324 0.043210 0.056905 0.071076 0.085471 0.099933 0.114358 0.128573 0.142309 0.155203 0.166871 0.177022 0.185540 0.192509 0.198107 0.202569 0.206108 0.208859 0.210872 0.212123 0.212571 0.212144 0.210786 0.208457 0.205055 0.200306 0.193458 0.183546 0.170367 0.155230 0.140024 0.125650 0.111873 0.098021 0.083447 0.067737 0.050842 0.033396 0.017083 0.004096 -0.004476 -0.009323 -0.011776 -0.012868 -0.013251 -0.013384 -0.013601 -0.014116 -0.014983 -0.016192 -0.017658 -0.019278 -0.020913 -0.022389 -0.023504 -0.024024 -0.023657 -0.022111 -0.019141 -0.014567 -0.008273 
0.013420 0.023388 0.034801 0.047499 0.061204 0.075590 0.090328 0.105194 0.120036 0.134683 0.148865 0.162213 0.174283 0.184712 0.193355 0.200280 0.205685 0.209890 0.213196 0.215802 0.217797 0.219155 0.219798 0.219622 0.218543 0.216508 0.213492 0.209500 0.204419 0.197833 0.188843 0.176663 0.161779 0.146010 0.130909 0.116743 0.102994 0.088992 0.074209 0.058371 0.041793 0.025708 0.012221 0.002969 -0.002153 -0.004435 -0.005233 -0.005512 -0.005839 -0.006455 -0.007403 -0.008619 -0.010012 -0.011485 -0.012952 -0.014288 -0.015340 -0.015904 -0.015740 -0.014567 -0.012122 -0.008172 -0.002596 0.004834 
0.027029 0.037834 0.049938 0.063214 0.077390 0.092176 0.107301 0.122551 0.137720 0.152525 0.166552 0.179305 0.190323 0.199392 0.206518 0.211927 0.216008 0.219166 0.221699 0.223760 0.225311 0.226253 0.226424 0.225695 0.223960 0.221193 0.217400 0.212631 0.206916 0.200103 0.191552 0.180326 0.166170 0.150377 0.134822 0.120377 0.106790 0.093446 0.079771 0.065409 0.050384 0.035516 0.022499 0.013087 0.007733 0.005374 0.004519 0.003971 0.003110 0.001777 0.000102 -0.001702 -0.003475 -0.005106 -0.006525 -0.007634 -0.008309 -0.008358 -0.007541 -0.005608 -0.002314 0.002522 0.009020 0.017431 
0.039582 0.051040 0.063598 0.077177 0.091587 0.106595 0.121993 0.137547 0.152941 0.167721 0.181326 0.193190 0.202972 0.210579 0.216230 0.220371 0.223512 0.226097 0.228332 0.230220 0.231624 0.232326 0.232119 0.230848 0.228426 0.224840 0.220158 0.214482 0.207935 0.200536 0.191959 0.181380 0.168110 0.152763 0.137146 0.122609 0.109279 0.096635 0.084153 0.071427 0.058339 0.045321 0.033570 0.024623 0.019189 0.016626 0.015464 0.014423 0.012829 0.010602 0.008029 0.005452 0.003150 0.001242 -0.000216 -0.001173 -0.001514 -0.001087 0.000332 0.002979 0.007056 0.012695 0.019957 0.029146 
0.050745 0.062661 0.075506 0.089243 0.103760 0.118923 0.134532 0.150273 0.165677 0.180128 0.192942 0.203622 0.211953 0.218081 0.222475 0.225756 0.228500 0.231031 0.233393 0.235427 0.236859 0.237404 0.236827 0.234970 0.231778 0.227284 0.221610 0.214918 0.207404 0.199215 0.190254 0.179941 0.167473 0.152875 0.137590 0.123213 0.110265 0.098395 0.087102 0.076008 0.064916 0.054006 0.044003 0.036025 0.030813 0.028017 0.026440 0.024819 0.022460 0.019333 0.015838 0.012457 0.009548 0.007290 0.005730 0.004882 0.004824 0.005689 0.007674 0.010979 0.015762 0.022103 0.029984 0.039723 
0.060389 0.072577 0.085580 0.099403 0.114007 0.129294 0.145030 0.160765 0.175856 0.189549 0.201184 0.210372 0.217151 0.221958 0.225497 0.228489 0.231392 0.234322 0.237107 0.239436 0.240935 0.241291 0.240264 0.237724 0.233654 0.228159 0.221409 0.213640 0.205102 0.196016 0.186462 0.176110 0.164234 0.150508 0.135885 0.121964 0.109572 0.098546 0.088414 0.078842 0.069615 0.060754 0.052622 0.045919 0.041191 0.038293 0.036308 0.034144 0.031129 0.027251 0.022963 0.018852 0.015383 0.012768 0.011078 0.010309 0.010512 0.011782 0.014288 0.018195 0.023618 0.030551 0.038930 0.049032 
0.068543 0.080832 0.093902 0.107777 0.122463 0.137835 0.153536 0.168950 0.183294 0.195780 0.205840 0.213345 0.218656 0.222513 0.225774 0.229056 0.232561 0.236140 0.239444 0.242031 0.243504 0.243532 0.241898 0.238531 0.233478 0.226900 0.219044 0.210197 0.200649 0.190690 0.180476 0.169892 0.158402 0.145538 0.131825 0.118656 0.107020 0.096926 0.087960 0.079772 0.072181 0.065122 0.058726 0.053339 0.049285 0.046461 0.044200 0.041622 0.038140 0.033737 0.028886 0.024235 0.020314 0.017415 0.015614 0.014927 0.015363 0.017018 0.020017 0.024482 0.030475 0.037943 0.046723 0.057039 
0.075266 0.087548 0.100622 0.114527 0.129262 0.144587 0.159973 0.174654 0.187773 0.198601 0.206815 0.212639 0.216797 0.220267 0.223835 0.227822 0.232125 0.236365 0.240061 0.242727 0.243949 0.243414 0.240970 0.236610 0.230464 0.222786 0.213871 0.204032 0.193600 0.182870 0.172067 0.161216 0.149976 0.137913 0.125275 0.113139 0.102484 0.093450 0.085654 0.078750 0.072558 0.066999 0.062073 0.057889 0.054553 0.051960 0.049607 0.046803 0.043069 0.038391 0.033238 0.028276 0.024080 0.021000 0.019161 0.018567 0.019255 0.021279 0.024745 0.029738 0.036260 0.044192 0.053320 0.063753 
0.080608 0.092829 0.105866 0.119769 0.134438 0.149473 0.164163 0.177637 0.189066 0.197893 0.204184 0.208566 0.212111 0.215775 0.220035 0.224860 0.229871 0.234559 0.238371 0.240792 0.241419 0.240019 0.236510 0.230982 0.223718 0.215005 0.205176 0.194556 0.183453 0.172174 0.160972 0.149945 0.138936 0.127656 0.116200 0.105347 0.095917 0.088086 0.081504 0.075814 0.070840 0.066511 0.062771 0.059590 0.056944 0.054676 0.052388 0.049548 0.045757 0.041032 0.035806 0.030759 0.026486 0.023368 0.021568 0.021130 0.022080 0.024486 0.028419 0.033922 0.040941 0.049285 0.058679 0.069165 
0.084610 0.096746 0.109696 0.123499 0.137912 0.152319 0.165883 0.177722 0.187102 0.193816 0.198346 0.201779 0.205266 0.209483 0.214502 0.219973 0.225392 0.230153 0.233655 0.235356 0.234930 0.232245 0.227364 0.220624 0.212310 0.202762 0.192293 0.181235 0.169877 0.158457 0.147189 0.136256 0.125624 0.115152 0.104967 0.095566 0.087551 0.081045 0.075727 0.071199 0.067304 0.063983 0.061180 0.058815 0.056764 0.054852 0.052737 0.049989 0.046286 0.041664 0.036555 0.031609 0.027426 0.024418 0.022763 0.022540 0.023806 0.026623 0.031044 0.037060 0.044522 0.053177 0.062749 0.073249 
0.087407 0.099390 0.112213 0.125770 0.139573 0.152843 0.164681 0.174243 0.181067 0.185431 0.188414 0.191374 0.195206 0.200087 0.205700 0.211525 0.216957 0.221315 0.223929 0.224335 0.222336 0.218083 0.211972 0.204239 0.195115 0.184821 0.173645 0.161934 0.150134 0.138542 0.127313 0.116468 0.106213 0.096765 0.088293 0.081029 0.075116 0.070502 0.066814 0.063699 0.061000 0.058708 0.056808 0.055214 0.053762 0.052255 0.050385 0.047811 0.044311 0.039938 0.035136 0.030528 0.026693 0.024008 0.022682 0.022825 0.024513 0.027804 0.032709 0.039133 0.046902 0.055794 0.065532 0.076098 
