0.000603 0.000118 0.001690 0.000211 -0.005516 0.005207 -0.000890 -0.002015 0.000591 -0.002143 0.004427 -0.001795 0.002996 -0.004898 0.001960 -0.000279 
0.000901 -0.000953 0.004123 -0.009510 0.007071 0.001193 -0.004390 0.000658 0.000078 0.000002 0.002196 -0.001202 0.000945 -0.003078 0.001170 0.000770 
-0.000585 0.002304 -0.004601 0.002109 0.004188 -0.009014 0.005575 -0.000656 -0.002163 0.003943 -0.001155 -0.001152 0.001104 -0.002668 0.001131 0.001611 
0.000542 0.000057 -0.007185 0.006307 0.000481 -0.004462 0.004503 -0.002930 -0.004136 0.015041 -0.012890 0.004763 -0.005203 0.004765 -0.002111 0.002340 
0.000697 -0.002817 0.001679 0.000404 -0.002337 0.001358 -0.002336 0.000041 0.008752 -0.004851 -0.002502 -0.000793 -0.000390 0.003568 -0.000796 0.000394 
0.000626 -0.005502 0.003128 0.000777 -0.001172 0.000255 -0.002233 0.006482 0.000922 -0.006360 0.001023 -0.001695 0.005706 -0.003170 0.001247 -0.000026 
0.002507 -0.003363 -0.000136 0.002199 -0.004152 0.008006 -0.003661 0.000804 -0.001696 -0.000807 0.000193 0.003177 -0.002451 0.000858 0.001821 -0.003370 
0.000216 -0.001761 0.001549 -0.002160 0.003919 -0.003461 0.003553 -0.001476 -0.001288 0.000505 0.001189 -0.001339 0.000566 0.002729 -0.003722 0.000949 
-0.002312 -0.001764 0.007054 -0.008059 0.000703 0.007214 -0.005415 0.000944 -0.000151 0.000111 -0.000382 0.000808 0.001919 -0.002339 -0.002300 0.004013 
-0.002511 0.002276 -0.001327 0.002429 -0.004331 -0.002721 0.011273 -0.005267 -0.002831 0.001665 0.000210 0.001561 -0.000905 -0.002920 0.001650 0.001750 
-0.001001 0.004356 -0.004176 0.002355 0.000110 -0.000577 -0.007020 0.009843 0.002656 -0.009136 0.002502 0.001410 0.000873 -0.004121 0.003780 -0.001824 
0.000122 0.002517 -0.000934 -0.000256 0.000753 0.000144 0.000957 -0.006890 0.003049 0.009142 -0.007358 -0.001387 0.001217 -0.001109 0.003848 -0.003770 
-0.000050 0.000958 0.000325 -0.000333 0.001492 0.000033 -0.001802 0.000708 -0.002829 -0.001271 0.009399 -0.003644 -0.007517 0.007597 -0.001722 -0.001329 
-0.000534 0.002476 -0.003066 0.003007 0.000195 -0.000607 -0.000030 -0.001029 -0.001073 0.000342 -0.003521 0.013849 -0.016222 0.010567 -0.004182 -0.000133 
0.000364 0.000621 0.000908 -0.000591 0.001066 -0.001865 0.000059 0.001687 -0.003614 0.004303 -0.002552 -0.002889 0.003774 0.001385 -0.002377 -0.000386 
0.000414 0.000475 0.000979 0.001116 -0.002465 -0.000708 0.001852 -0.000913 0.003728 -0.010477 0.009242 -0.009658 0.013591 -0.007158 0.000593 -0.000722 
