-0.388408 -0.515989 -0.631685 -0.714062 -0.750416 -0.759460 -0.754002 -0.721211 -0.646360 -0.522275 -0.359972 -0.180851 -0.002945 0.159613 0.296935 0.410344 0.484619 0.474611 0.427626 0.402793 0.386005 0.367102 0.346336 0.326205 0.302222 0.264627 0.218702 0.169176 0.102860 0.007887 -0.112328 -0.254028 
-0.435477 -0.563409 -0.666633 -0.726453 -0.753978 -0.773376 -0.775133 -0.740014 -0.649179 -0.504580 -0.331008 -0.146880 0.034644 0.199968 0.339591 0.449855 0.510654 0.484284 0.430600 0.405062 0.388425 0.368859 0.349933 0.335721 0.317712 0.278980 0.225242 0.164595 0.085168 -0.022480 -0.150741 -0.296260 
-0.477304 -0.596789 -0.680070 -0.722881 -0.756229 -0.784208 -0.787408 -0.739731 -0.624519 -0.469701 -0.299849 -0.118142 0.065209 0.233073 0.373620 0.479018 0.517810 0.472690 0.419692 0.399260 0.385512 0.367428 0.352880 0.346055 0.330944 0.287467 0.226001 0.154720 0.062129 -0.056377 -0.189159 -0.337457 
-0.508181 -0.611704 -0.672720 -0.711448 -0.753406 -0.784645 -0.782266 -0.710155 -0.578060 -0.433482 -0.274439 -0.093820 0.091844 0.260918 0.399541 0.489920 0.496914 0.439858 0.397952 0.387397 0.377956 0.364021 0.357881 0.358590 0.340177 0.288251 0.219584 0.137965 0.033409 -0.091925 -0.226811 -0.375436 
-0.524262 -0.606597 -0.651052 -0.694184 -0.739785 -0.770486 -0.754216 -0.656777 -0.527281 -0.400843 -0.248739 -0.067548 0.118292 0.283749 0.409853 0.468289 0.444765 0.392946 0.371725 0.372099 0.367384 0.362338 0.368502 0.371092 0.341050 0.279927 0.204899 0.113377 0.000392 -0.127346 -0.262628 -0.405263 
-0.524198 -0.583632 -0.621271 -0.667765 -0.713280 -0.740177 -0.707475 -0.595174 -0.475346 -0.359924 -0.213097 -0.037476 0.139784 0.289954 0.385715 0.406143 0.373156 0.345608 0.347442 0.355531 0.358561 0.368742 0.383494 0.375272 0.329782 0.262252 0.181220 0.081854 -0.034483 -0.161545 -0.293047 -0.422929 
-0.508076 -0.548147 -0.584686 -0.630421 -0.674377 -0.696152 -0.653606 -0.535813 -0.418469 -0.306063 -0.167807 -0.009133 0.144343 0.261933 0.319776 0.321389 0.306497 0.310244 0.327342 0.342433 0.360451 0.383470 0.390815 0.362912 0.306763 0.235647 0.149253 0.046203 -0.069408 -0.192079 -0.313972 -0.427572 
-0.477725 -0.505296 -0.540186 -0.583433 -0.625343 -0.643187 -0.601738 -0.486962 -0.364252 -0.251639 -0.126531 0.005470 0.122947 0.203007 0.238484 0.249231 0.263807 0.288363 0.314333 0.342452 0.373085 0.390616 0.377447 0.334978 0.275101 0.201199 0.111802 0.009094 -0.102266 -0.215195 -0.324122 -0.419858 
-0.437028 -0.457566 -0.488010 -0.529167 -0.569807 -0.585750 -0.553814 -0.455161 -0.329290 -0.214903 -0.104791 -0.000672 0.084598 0.142354 0.178746 0.209811 0.243452 0.278309 0.315257 0.352236 0.376426 0.374424 0.345675 0.298603 0.237428 0.161531 0.071957 -0.027437 -0.129687 -0.229088 -0.324333 -0.400613 
-0.390128 -0.406069 -0.430040 -0.470077 -0.511801 -0.528152 -0.506658 -0.434499 -0.321876 -0.207148 -0.106297 -0.019838 0.050021 0.104806 0.151207 0.194572 0.236986 0.280182 0.321099 0.349518 0.356138 0.340148 0.306662 0.258800 0.196244 0.119395 0.031421 -0.060606 -0.148889 -0.234222 -0.315657 -0.371558 
-0.340121 -0.352522 -0.369129 -0.408317 -0.454393 -0.474985 -0.460680 -0.410443 -0.325119 -0.222004 -0.124446 -0.041308 0.028144 0.087385 0.140100 0.189374 0.237079 0.280387 0.311937 0.325798 0.321333 0.301254 0.266992 0.217760 0.153156 0.075558 -0.007749 -0.086480 -0.158720 -0.231784 -0.299233 -0.335147 
-0.289341 -0.299724 -0.309090 -0.345812 -0.398677 -0.428689 -0.421583 -0.382520 -0.318313 -0.235321 -0.146079 -0.062672 0.010432 0.074176 0.131405 0.184068 0.230464 0.265847 0.286627 0.292528 0.284852 0.263783 0.227722 0.175158 0.107378 0.031538 -0.040161 -0.101200 -0.159576 -0.223003 -0.276434 -0.294102 
-0.239510 -0.250737 -0.255033 -0.285378 -0.343532 -0.387373 -0.392514 -0.360885 -0.306184 -0.237195 -0.159906 -0.081445 -0.007716 0.059069 0.118938 0.170953 0.212291 0.240713 0.256136 0.259430 0.250311 0.226728 0.186247 0.128921 0.060880 -0.005243 -0.058739 -0.103389 -0.153126 -0.209037 -0.248963 -0.251014 
-0.191881 -0.207038 -0.212080 -0.232648 -0.288244 -0.343904 -0.368523 -0.351546 -0.302279 -0.238358 -0.168232 -0.095610 -0.024433 0.042181 0.101630 0.151155 0.188563 0.213392 0.226356 0.227390 0.214802 0.186160 0.140675 0.082759 0.023388 -0.025007 -0.060362 -0.095115 -0.141498 -0.191078 -0.218639 -0.208297 
-0.147828 -0.167473 -0.181502 -0.194827 -0.238252 -0.294153 -0.334847 -0.344861 -0.315064 -0.253707 -0.182346 -0.111217 -0.041539 0.023935 0.081920 0.129398 0.164473 0.186859 0.196725 0.193360 0.175366 0.142288 0.097168 0.048080 0.005849 -0.023868 -0.047747 -0.080159 -0.126542 -0.170206 -0.187314 -0.168286 
-0.109940 -0.130384 -0.157751 -0.173950 -0.203605 -0.247776 -0.289465 -0.318143 -0.323012 -0.289111 -0.219674 -0.139638 -0.065919 0.000758 0.059485 0.106866 0.140758 0.160565 0.166184 0.157593 0.135573 0.103348 0.067152 0.034607 0.010800 -0.006259 -0.026767 -0.062062 -0.109329 -0.147208 -0.156626 -0.133378 
-0.082169 -0.098545 -0.134395 -0.161996 -0.187657 -0.219063 -0.251211 -0.278795 -0.299655 -0.303250 -0.271212 -0.199097 -0.110342 -0.031792 0.030785 0.080412 0.115554 0.134599 0.137677 0.126340 0.104371 0.078344 0.055629 0.040288 0.030619 0.019668 -0.002650 -0.042819 -0.090069 -0.122529 -0.127841 -0.105516 
-0.067255 -0.079330 -0.115165 -0.151948 -0.182773 -0.210096 -0.233890 -0.252657 -0.267316 -0.278799 -0.279894 -0.252721 -0.184631 -0.091007 -0.006498 0.052084 0.090330 0.111707 0.116527 0.106390 0.086090 0.065060 0.053863 0.054068 0.056072 0.048170 0.021768 -0.023081 -0.068336 -0.096319 -0.101504 -0.085223 
-0.063536 -0.076226 -0.109245 -0.148563 -0.184189 -0.213175 -0.234563 -0.247581 -0.252839 -0.253237 -0.252321 -0.248152 -0.225737 -0.166192 -0.074451 0.013632 0.069758 0.097758 0.106558 0.098511 0.076772 0.055480 0.053544 0.069849 0.083291 0.076791 0.044815 -0.002638 -0.043660 -0.068691 -0.077203 -0.070871 
-0.064861 -0.083175 -0.115936 -0.155463 -0.193638 -0.225526 -0.248200 -0.259833 -0.259976 -0.250143 -0.234338 -0.218811 -0.206864 -0.186930 -0.137035 -0.054453 0.029895 0.082745 0.102546 0.098287 0.076668 0.056169 0.061633 0.090340 0.111751 0.103176 0.065158 0.019072 -0.016221 -0.039880 -0.053639 -0.058843 
-0.064578 -0.091121 -0.127710 -0.170118 -0.212333 -0.248613 -0.274200 -0.286011 -0.283142 -0.266880 -0.240116 -0.207625 -0.177290 -0.156461 -0.136702 -0.096346 -0.030993 0.036793 0.079676 0.093541 0.088040 0.079569 0.089165 0.119703 0.140399 0.124703 0.082862 0.042321 0.012820 -0.010558 -0.029599 -0.045499 
-0.061440 -0.097893 -0.142629 -0.192362 -0.241648 -0.284010 -0.313092 -0.324166 -0.315990 -0.291415 -0.255573 -0.212890 -0.167149 -0.125690 -0.098059 -0.078667 -0.049772 -0.009434 0.032030 0.066919 0.095365 0.115712 0.132157 0.156616 0.167076 0.140794 0.099294 0.066394 0.041565 0.017884 -0.005699 -0.030554 
-0.058991 -0.106632 -0.161302 -0.219451 -0.277365 -0.328536 -0.363805 -0.375610 -0.361584 -0.324658 -0.272564 -0.215971 -0.161625 -0.109591 -0.064063 -0.035513 -0.021130 -0.008904 0.004795 0.032528 0.086949 0.145035 0.177458 0.195389 0.189670 0.153149 0.115433 0.089763 0.068079 0.043632 0.015933 -0.016844 
-0.061088 -0.118510 -0.179790 -0.246360 -0.317211 -0.380861 -0.423105 -0.435476 -0.416184 -0.368851 -0.300756 -0.222186 -0.148163 -0.088864 -0.038696 0.002675 0.024043 0.026083 0.017980 0.020379 0.076549 0.166504 0.219395 0.231302 0.207300 0.163408 0.130869 0.110838 0.090954 0.065332 0.033495 -0.007313 
-0.069697 -0.132976 -0.200297 -0.279816 -0.365528 -0.439175 -0.485612 -0.496421 -0.470058 -0.411986 -0.331678 -0.238427 -0.141689 -0.059134 -0.003926 0.037308 0.067612 0.075337 0.061350 0.042865 0.079012 0.183880 0.255656 0.260682 0.219489 0.171731 0.144352 0.128456 0.109510 0.082273 0.045443 -0.004841 
-0.086078 -0.155471 -0.232275 -0.324287 -0.419406 -0.498358 -0.545982 -0.552413 -0.516790 -0.447285 -0.355768 -0.252264 -0.143783 -0.038533 0.040673 0.082656 0.111065 0.126911 0.119945 0.096465 0.106944 0.201167 0.281421 0.279273 0.225657 0.177464 0.154869 0.142089 0.123459 0.093670 0.050016 -0.011375 
-0.112531 -0.191631 -0.278366 -0.377183 -0.475585 -0.555851 -0.600633 -0.598595 -0.551394 -0.471123 -0.370857 -0.259558 -0.143252 -0.026989 0.077581 0.139404 0.163031 0.178807 0.181592 0.166287 0.161445 0.225483 0.295700 0.286067 0.226878 0.180847 0.162391 0.151843 0.132622 0.098714 0.046038 -0.027485 
-0.149046 -0.239816 -0.334122 -0.435212 -0.533533 -0.611006 -0.647036 -0.631813 -0.572677 -0.484389 -0.378330 -0.260968 -0.137541 -0.013708 0.104511 0.193872 0.225102 0.233483 0.239800 0.235422 0.228664 0.259065 0.303643 0.286505 0.227355 0.184259 0.168281 0.158382 0.137055 0.097032 0.033624 -0.053174 
-0.192999 -0.293740 -0.393872 -0.496658 -0.593234 -0.662059 -0.682496 -0.652109 -0.584199 -0.492071 -0.381826 -0.257746 -0.126082 0.005620 0.131288 0.239309 0.289895 0.291311 0.292597 0.293089 0.289437 0.296473 0.311266 0.287952 0.232901 0.191685 0.174809 0.162764 0.137126 0.088957 0.013790 -0.087512 
-0.241335 -0.349090 -0.454982 -0.560341 -0.651521 -0.704258 -0.705531 -0.663909 -0.593901 -0.500272 -0.383974 -0.249983 -0.107520 0.032987 0.164116 0.280417 0.349461 0.349279 0.339371 0.336881 0.333072 0.328099 0.321294 0.294124 0.246147 0.205726 0.183845 0.165992 0.133437 0.075315 -0.011986 -0.127261 
-0.290963 -0.404888 -0.517150 -0.622815 -0.701380 -0.732837 -0.719364 -0.676692 -0.608693 -0.511014 -0.384001 -0.235945 -0.080340 0.069253 0.204442 0.322617 0.401498 0.402391 0.379096 0.368823 0.360615 0.349056 0.331969 0.304433 0.264602 0.224977 0.195477 0.168516 0.126500 0.056932 -0.042297 -0.169140 
-0.340100 -0.460998 -0.578268 -0.677276 -0.735743 -0.748505 -0.733471 -0.696688 -0.628246 -0.521009 -0.377881 -0.212746 -0.044492 0.112318 0.249920 0.366597 0.446857 0.446168 0.410023 0.390979 0.377328 0.361209 0.340637 0.315874 0.284238 0.245808 0.208004 0.170037 0.116499 0.034240 -0.076178 -0.211439 
