0.082537 -0.415068 -0.907658 -1.359719 -1.507628 -1.370404 -1.022427 -0.416177 0.225556 0.745692 0.875373 0.766872 0.716953 0.616127 0.465255 0.338410 
-0.032257 -0.590513 -1.140617 -1.485366 -1.547690 -1.485533 -1.018203 -0.273056 0.420816 0.925644 0.981713 0.806075 0.734102 0.662721 0.544987 0.330854 
-0.175376 -0.764607 -1.266434 -1.458159 -1.605735 -1.467544 -0.866374 -0.161030 0.556582 1.041667 0.918624 0.780535 0.725689 0.710809 0.580466 0.284568 
-0.326241 -0.885710 -1.220810 -1.383451 -1.548515 -1.233017 -0.740453 -0.055445 0.663573 0.912652 0.717298 0.720273 0.729613 0.765243 0.541720 0.176955 
-0.450634 -0.892113 -1.067948 -1.233076 -1.360743 -0.986184 -0.513041 0.060170 0.507183 0.540489 0.584984 0.681849 0.805182 0.704666 0.425344 0.027560 
-0.502190 -0.794410 -0.863366 -1.010303 -1.125073 -0.866867 -0.362394 0.011947 0.235957 0.396250 0.567100 0.734567 0.724474 0.547748 0.261949 -0.121716 
-0.484332 -0.633844 -0.635293 -0.758610 -0.907164 -0.786229 -0.443934 -0.083834 0.176668 0.393189 0.571903 0.625219 0.559601 0.382153 0.077172 -0.218974 
-0.421439 -0.450142 -0.436142 -0.508228 -0.752629 -0.705327 -0.454370 -0.161150 0.120591 0.340562 0.461861 0.489231 0.410107 0.184017 -0.067536 -0.215723 
-0.334006 -0.279654 -0.287991 -0.356535 -0.539635 -0.694693 -0.540972 -0.211946 0.048321 0.251704 0.353931 0.347854 0.223308 0.048424 -0.043016 -0.151408 
-0.231655 -0.170585 -0.161327 -0.317062 -0.419584 -0.518107 -0.613558 -0.485239 -0.082310 0.155128 0.246687 0.217498 0.127402 0.090218 0.072847 -0.076654 
-0.116042 -0.125814 -0.155741 -0.306020 -0.440889 -0.499069 -0.479932 -0.471402 -0.407602 -0.020083 0.215817 0.194326 0.085611 0.164813 0.190374 0.005313 
0.006669 -0.078921 -0.195680 -0.371375 -0.540378 -0.610281 -0.552075 -0.403017 -0.264011 -0.212372 0.013817 0.183903 0.196070 0.289865 0.269905 0.101576 
0.112561 -0.025238 -0.236076 -0.482823 -0.730313 -0.826614 -0.688341 -0.414682 -0.183988 -0.010843 -0.006056 0.025343 0.340732 0.448578 0.311871 0.199583 
0.181708 -0.022006 -0.293848 -0.624054 -0.975640 -1.078213 -0.864869 -0.470981 -0.056594 0.134305 0.214848 0.100919 0.412466 0.563015 0.339777 0.272844 
0.199967 -0.093432 -0.449916 -0.844238 -1.210824 -1.258666 -0.950228 -0.498790 -0.002031 0.368433 0.424993 0.402722 0.505874 0.575609 0.350487 0.313726 
0.163349 -0.239604 -0.675542 -1.099366 -1.412607 -1.322679 -0.974742 -0.482182 0.070948 0.568870 0.661974 0.647650 0.643872 0.570017 0.382595 0.331132 
