-0.009645 -0.019622 0.011341 0.071736 
-0.442458 -0.054572 -0.059961 -0.310830 
0.024405 0.000867 0.130155 -0.030708 
0.084849 -0.047821 0.153398 0.252291 
0.036397 0.051158 0.021010 0.120230 
-0.182208 -0.034190 0.215664 0.074938 
0.260187 -0.217705 -0.306702 0.094167 
-0.313112 -0.364575 -0.196120 -0.112229 
0.175870 0.069482 0.070654 0.051673 
0.622199 0.009345 -0.156710 0.074861 
-0.133906 -0.113785 -0.222582 -0.223015 
-0.372599 -0.377328 -0.176647 -0.176194 
0.043534 -0.072807 0.010740 -0.041701 
-0.048833 0.053454 -0.140069 -0.116721 
-0.297406 -0.132279 -0.173851 -0.288334 
-0.193813 -0.074483 0.058214 -0.036199 
