  -8.0828587622642188e-03  -6.3382458763122113e-03   5.6228352341651834e-03  -1.5021482247352520e-02  -6.5393138346672031e-03   5.0530097489356962e-03   3.3159488210678422e-03   9.4140981397628880e-03   7.4716180410385139e-03  -3.6917330408098260e-04   6.7205031061172231e-04  -2.0314616069794572e-03   5.6920737361908242e-03   5.3777856268882318e-03   3.5867610597610207e-04  -5.9303986973762487e-03
  -9.6435592141150325e-03   1.2168535695552877e-02  -3.9652463083267673e-03  -9.3161392436028421e-03   1.9283147875785899e-02  -4.9806718158722143e-03   1.4484115972518831e-03   1.7855827113151528e-02  -1.2641042779922489e-02  -7.3869356188773876e-03  -3.3135573701858359e-03   2.4995465760231173e-03   6.8645366230010805e-03   2.9909542999267662e-03  -4.5904657359123312e-03  -4.5509523339271538e-03
  -2.4636124143601204e-03   9.8131192507743756e-03  -3.9054836359024543e-03   1.0178023112297034e-02   9.9193918700218094e-03   3.2668335900306483e-03   1.5328238550663099e-02  -4.8099100284576118e-03  -3.6389264977932087e-02  -9.3755990028385802e-04  -2.0708719134331305e-03   1.6809294756412518e-02  -1.0769149646759433e-03  -1.8897389779090970e-03  -6.9635099883079759e-03   1.7579355807304199e-03
   3.8170522685051053e-03   4.7543048048019117e-03   3.5806466598511666e-03   5.6791692328453953e-03   1.4819026937961645e-02   2.1425516000747644e-02  -1.0979945487499317e-02  -4.3708340244770133e-02  -6.7873333506583734e-03   5.0698327851295792e-03   2.0280355578422456e-02   4.5599634456644153e-04  -6.3688802714347379e-03  -5.9409296317100620e-03  -7.2557468509673942e-03   1.0961235806941954e-02
   3.9336147646904154e-03   6.3363727226258097e-03   6.0724623608589823e-03   4.9918661732674448e-03  -1.4849837171077750e-02  -2.4850326437950172e-03  -1.4011702061176270e-02   1.1027224712371235e-03   1.4617883521080035e-02   1.7385260345935776e-02  -2.5805033926963837e-03  -9.8959443459510927e-03  -3.7615636706352473e-03  -8.3524161934852691e-03  -2.9698247685432870e-03   1.4532740936279371e-02
   2.4190069952011424e-03   7.3731959714889630e-03   4.6362888321875989e-03   5.8132959575652836e-03  -3.2432316913604035e-03  -1.1927829545021043e-02   2.6566205501552366e-04   8.4496443176270003e-03   7.4894729514122229e-03  -5.6044642610549658e-03  -6.1391310672760041e-03  -1.8594680786126160e-04  -9.2287224507331816e-03  -8.1353260564804263e-03   1.6546519408225839e-03   1.3965512149810774e-02
   3.3247379260063293e-03  -1.9351041231155282e-03   1.2509902040004772e-02  -5.9327878036499315e-03  -1.8843112645149519e-03   6.3236776351928824e-03   1.8657054519653508e-03   7.5269282293320781e-04  -2.8978536939621240e-03  -1.4780512380600055e-03  -1.2341167068483571e-04  -1.0585582090377816e-02  -1.2677027230262771e-02   5.6094594836235152e-03   4.7815590429306932e-04   1.1343328113079101e-02
   5.4898641853332823e-03  -7.6600765352249044e-03   4.3591767344474674e-03   2.1075622670650461e-02  -1.3236662779808049e-02  -2.1777917339801840e-02   5.8311526594162204e-03   5.2611042289734088e-03   1.5405652818679750e-03  -2.7109458198547498e-03  -1.0568605228900928e-02  -8.3110317888259976e-03   8.9565909624099854e-03   9.4355000810623230e-03  -2.8646121444702208e-03   6.7460071411132904e-03
  -1.7354401044845356e-03   5.5059491958618628e-03  -7.5041983437538293e-03   4.4330430808067790e-03   2.7552458969116216e-02   4.5399435949329157e-04  -4.3420118064880484e-02  -4.2677125072479536e-03   6.2851914887428343e-03   2.1627798795699569e-04  -2.8995874929428215e-03   1.0647821869850175e-03   1.2075330625057223e-02   2.1728063840866113e-03  -1.3261606559753524e-03   1.0456155443191919e-04
  -5.9970103821754706e-03  -3.8562794923782378e-03  -6.4446207237242885e-04  -4.5185745120049003e-03  -3.3776781554222240e-03   2.3091665398597701e-02   2.8050737142086057e-02  -3.7876954270362903e-02  -1.5507532900810250e-02   1.5628177783966083e-02   3.0166471915245158e-03  -5.3506830139160265e-03   6.7428482317924690e-03  -3.3218871431350775e-03   3.6936838941574409e-03  -3.8978351907729978e-03
   3.1405235886573881e-03  -1.8648985819816307e-03  -3.2806465935707146e-03  -5.9320462684631179e-03  -5.7801393966674846e-03  -6.5148528399466624e-03   6.4039556441306926e-03   3.3884415150642423e-02  -1.4106515525817886e-02  -3.6995641666412379e-02   3.9291693134307706e-03   2.1134015381336239e-02   9.7247186422348697e-04  -5.1266601610183609e-03   6.0702211585045079e-03  -2.2864141836166298e-03
   3.5103415021896589e-03   4.1013668627738796e-03  -1.2783531827926583e-03  -1.1280466347217551e-02  -1.3077374460220380e-02  -6.4088909754753363e-03   5.6306588673591985e-03   1.7479134597778220e-03   2.1681194217205092e-02  -1.8203821039199965e-03  -2.5105423501014731e-02   1.9824108116149926e-02  -4.6056603927612143e-03  -1.4726202535629185e-03   4.6120964970588537e-03  -2.5371145167350584e-03
   3.4980762386321966e-03   2.4587315511703728e-03  -6.0775493364334694e-03  -9.6683223848343016e-03  -6.5727024464607856e-03  -4.8006205472945797e-03  -6.7114016847610860e-03   1.2760960267066964e-02  -3.5025310373306166e-04   1.8314924685478243e-02  -4.4665853743553231e-03   3.8720328741073716e-03  -7.3836137981414772e-03   2.5872594833358051e-05   3.9170962052345352e-03  -5.2739681673049949e-03
  -2.3050099325177360e-04  -7.9567209553718619e-03  -6.5972693672181042e-03  -4.0510211286543547e-03   5.3139793696404718e-03   2.2749605464935639e-03  -4.6401419734954253e-03  -3.6373217463493562e-03   1.1790452375888879e-02   4.9159093723297317e-03   2.5117162428855911e-02  -1.3476210573196392e-02  -7.9898878483772202e-03  -3.9971493244170568e-04   3.4140225372314616e-03  -9.7261041159629955e-03
  -4.4865822649002834e-04  -8.0530408515930522e-03  -1.1511334672927738e-02   8.1752912397382738e-03   5.0264279742241952e-03  -2.9799635519982583e-03   5.2715421533587538e-04  -4.3361254801749360e-03   1.2410570457935304e-02  -7.1087800073618354e-04   9.8504248976707363e-03  -8.9020565743446710e-03   3.2216168050765784e-03   2.6381378660202039e-03   2.0434998607635154e-03  -1.1825547372341164e-02
   8.6299301481239637e-04  -4.6050883092880529e-03   1.0580417845725953e-02   7.1225661234854765e-03  -7.2016932454109219e-03   3.8748900260925732e-03   1.0905639047622687e-02   5.4232136530875941e-03  -7.6192831182483010e-04  -9.5317222242355792e-03  -9.8879157171249572e-03  -6.8937651972770962e-03   5.5114670085907279e-03   3.3738046708106520e-03  -2.1576962842941336e-03  -1.0677108337402340e-02
