   1.2897183001518299e-02   2.6188134698390972e-02   3.4078104982376220e-02   4.6114513791561090e-02   6.7742914648532937e-02   7.3567709869861650e-02   6.6824906145572738e-02   5.8801383226394693e-02   4.1915833277225548e-02   2.5471502921581311e-02   1.9390956723690039e-02   1.8714395858764683e-02   1.8400799666881580e-02   1.3215951056480419e-02   7.5345738339424040e-03   6.0046367855072190e-03
   1.6646935832500487e-02   1.6630481729030672e-02   1.5856778886795098e-02   2.2531254197597564e-02   1.3886522657394443e-02   6.3242920007705455e-03   1.0466318719387011e-02   9.6964007472992442e-04  -1.3281065654277814e-02  -5.0888636450767619e-03   5.5065862708091780e-03   1.1721600852489474e-02   8.3431342272758564e-03   3.3416410980224645e-03   3.0559176154136749e-03   6.8910346097946114e-03
   8.4019312648773367e-03   3.1840613422393846e-03   6.3578853130340229e-04  -1.0686624165534973e-02  -2.8177864278793339e-02  -3.3947877558231365e-02  -4.8837621673584047e-02  -6.0976136648178234e-02  -3.2738295374870344e-02  -2.1895898404121813e-03   1.0785108740806553e-02   5.1855398054122728e-03  -6.6769831981658874e-03  -6.5972926254272649e-03  -1.3945080089569073e-03   5.2186776523590397e-03
  -2.7852131633758596e-03  -8.7993937778472840e-03  -1.5707911059379586e-02  -2.6182260646820110e-02  -4.5333810013771125e-02  -7.6711917028904161e-02  -8.0198380670070776e-02  -3.3477558876037747e-02   6.1612285661697130e-03   1.0914748529434276e-02  -4.7771964168548883e-03  -2.2213002625942273e-02  -1.7353293004989626e-02  -9.4529097871780595e-03  -2.1410354442596498e-03   1.7468253417015044e-03
  -1.1214733920097341e-02  -1.8076097461700427e-02  -2.5815849129676952e-02  -2.9865147787094273e-02  -1.3570517486095487e-02   8.6762184343338739e-03   2.6485659280299986e-02   2.4299317480564159e-02  -1.1782371816635717e-03  -2.9791603229045893e-02  -4.0908304715156628e-02  -2.6558927886962944e-02  -1.6408758009910623e-02  -1.0037234199047076e-02  -3.7152419877052338e-03  -3.9225837049484402e-03
  -1.3494544950485313e-02  -2.1534404723644401e-02  -2.8010409010410242e-02  -2.9489106215477151e-02  -3.3796476671695858e-02  -2.3073670751571768e-02  -1.8317730136871407e-02  -3.2475945751667096e-02  -4.6661102726459514e-02  -4.3358495587349111e-02  -2.9179139113903074e-02  -2.4824708444595320e-02  -2.0823709378719316e-02  -8.2122947306633304e-03  -3.1473432202339408e-03  -6.1867769846916405e-03
  -9.4651615185738155e-03  -1.2291666460990960e-02  -2.0311218565940953e-02  -1.5770037994384714e-02  -6.2638796157837295e-03  -2.2875930566787786e-02  -3.9523178168296827e-02  -4.2594751766204905e-02  -3.6189072943210665e-02  -2.9308671390056606e-02  -2.8491385937213912e-02  -2.1253718287467936e-02  -2.3697346277236908e-03   5.9979417638778773e-03   1.0557195954322748e-03  -3.4600274424553198e-03
  -4.2089799733162001e-03  -5.4498874998092639e-03  -3.9508760747909571e-03  -2.2398294781684799e-02  -2.2403077428817808e-02   1.4437215314388310e-02   1.9853842464923901e-02   5.4743485198021080e-03   5.8318351459502038e-04   4.2247434816360535e-03   1.6876547631740541e-02   2.9203500135421771e-02   2.5644274733543415e-02   1.1715308296680459e-02   4.3637392749786459e-03   2.0410847539901744e-03
   8.1037949743271304e-03   3.9014701480864639e-03   2.0543242521284949e-03   3.7078220033645026e-03  -2.2568775731563670e-02  -4.9592701659679481e-02  -3.0239502053261286e-03   4.0696447913169939e-02   3.6987579774856623e-02   3.4987032596588162e-02   3.4863574048519169e-02   2.7535840420722987e-02   1.5515134152889271e-02   6.8185002779960792e-03   4.7099788827896141e-03   5.1014540300368914e-03
   7.5327555446624839e-03   2.0040720653533975e-02   2.4597433431148556e-02   2.5772387436866787e-02   2.9984194842815462e-02   1.2922400735378273e-02  -3.8300956435680399e-02  -3.1550094221591968e-02   2.1083113753795645e-02   1.4546248127937339e-02  -7.4199550528526283e-03  -3.4333970994949361e-03   2.0574765024185147e-03   4.2288142204262823e-05  -1.3986422019005400e-03  -2.0767192764282530e-03
  -2.0695616282463164e-02  -2.2021221338749009e-02  -1.7166314270019536e-02  -1.1962753753185291e-02  -8.0067177457809613e-03   2.7149043607712156e-04   8.2244502100944465e-03  -2.3534724998950953e-02  -4.6227347566127813e-02   3.7243512153626451e-04   2.7597947374343897e-02   8.6857620596885801e-03  -5.6347035160064741e-03  -7.3324330401420591e-03  -9.7413369293213106e-03  -1.4127145253181463e-02
  -2.1715677708149014e-02  -2.7539215762138421e-02  -3.2653647608280212e-02  -2.6310534193515811e-02  -8.8931054935455171e-03   7.8944458656311396e-03   9.4954866728782367e-03   1.1077111480712894e-02  -1.4978646984100501e-03  -2.5044723356246964e-02  -1.1250991286754615e-02  -1.0694840054512088e-03  -6.6347592086792063e-03  -8.9008448638916160e-03  -1.1404406579971313e-02  -1.4524195504188583e-02
  -1.4190885267257723e-02  -1.9618488243579896e-02  -1.8448908546924603e-02  -1.0009026877880059e-02   1.8547310252188913e-03   1.2703087504386958e-02   2.3210106139659889e-02   2.1371017598152318e-02   1.6924968012332953e-02   5.0370365881919829e-03  -1.3700688557624833e-02  -1.2822713618278522e-02  -1.0515605497360239e-02  -8.7423224105834946e-03  -8.6780476737022758e-03  -1.0131387127876305e-02
   5.5588227071762183e-03   1.5028773606777195e-02   2.2729749268054961e-02   2.7687868111133732e-02   2.5623330601215438e-02   1.7297253351688316e-02   1.6284786668777307e-02   2.4014865906715407e-02   2.0486591992855116e-02   1.0174996957302097e-02  -1.3278857577800746e-02  -2.5439307443141965e-02  -1.4455220661163349e-02  -5.1898243284225661e-03  -1.6344895434379503e-03  -3.9577817916927605e-06
   1.7844200423717513e-02   2.3848075082778954e-02   3.4051155417919240e-02   3.7366989618301483e-02   2.5203386713981729e-02   1.9482764974117384e-02   2.1811352077484275e-02   2.5355691687583962e-02   2.6836818116664912e-02   2.0983494574546832e-02   1.7801209694385568e-02   1.2708620014667538e-02   9.5083024420738356e-03   7.4823429145813086e-03   8.0762025814056469e-03   1.0372364857196814e-02
   3.2205765732288387e-02   2.9381809437275010e-02   1.1857968085765794e-02  -6.8262488327025528e-03  -5.2371889901160207e-03  -8.6881385474204265e-03  -2.5454602142810659e-02  -4.0742875039100707e-02  -3.9795474036216777e-02  -2.1056962997913382e-02   3.6654320244789498e-03   2.0416727874279044e-02   2.0478950299263027e-02   1.7166627749919915e-02   2.0052030404567739e-02   2.7757906517505669e-02
