0.003511 0.006901 0.007232 0.011768 0.016030 0.005771 0.004718 0.006848 0.007145 0.011157 0.005808 0.008899 0.005355 0.004123 0.002332 0.002833 
0.004845 0.004702 0.007114 0.019005 0.009941 0.013538 0.022431 0.020236 0.016892 0.015887 0.009419 0.009085 0.011397 0.009013 0.005373 0.003908 
0.003674 0.004943 0.012397 0.002930 0.008781 0.023527 0.019177 0.011337 0.011888 0.005063 0.002083 0.003543 0.004375 0.006007 0.004438 0.002597 
0.001777 0.006574 0.005545 0.004446 0.011066 0.001105 -0.001879 0.005490 0.004004 -0.010036 -0.001127 0.001137 0.005647 0.002479 0.000778 0.000380 
0.002540 0.004031 -0.000639 0.001133 -0.003708 -0.012283 -0.007940 -0.014991 -0.033225 -0.010423 0.000220 0.006308 0.003388 -0.004321 -0.003059 -0.000594 
0.001069 -0.000914 -0.003014 -0.005278 -0.008502 -0.015571 -0.035418 -0.040930 -0.006509 0.008465 0.007896 0.000054 -0.013431 -0.005321 -0.002965 -0.000319 
-0.001350 -0.003973 -0.006266 -0.008520 -0.014411 0.001309 0.010495 0.021405 0.013912 0.000831 -0.015424 -0.020070 -0.006061 -0.004636 -0.003939 -0.000158 
-0.002132 -0.004387 -0.007901 -0.010625 -0.007770 -0.019235 -0.010766 -0.008196 -0.013852 -0.021405 -0.014905 -0.005826 -0.008094 -0.010051 -0.001333 -0.000647 
-0.001150 -0.003766 -0.002026 -0.010020 -0.004726 0.006154 -0.010625 -0.016839 -0.016166 -0.011097 -0.008829 -0.012495 -0.011220 0.001662 0.003996 -0.000209 
0.000960 -0.001473 -0.003689 0.005364 -0.011279 -0.019688 0.025435 0.006633 0.002059 -0.001088 -0.000706 0.006589 0.015383 0.011086 0.002571 0.001205 
0.001706 0.004254 0.000312 -0.004768 0.004428 -0.003049 -0.046436 0.008616 0.023843 0.009905 0.017052 0.016798 0.008911 0.003831 0.001530 0.001828 
-0.001290 0.002466 0.011746 0.013825 0.011795 0.015977 0.021815 -0.025195 -0.029951 0.031407 -0.001968 -0.014347 -0.001422 0.001923 -0.000541 -0.000382 
-0.005345 -0.008507 -0.011829 -0.007926 -0.004201 -0.006076 -0.008863 0.012598 -0.002265 -0.041605 0.005932 0.022096 0.001386 -0.004025 -0.001937 -0.003546 
-0.004585 -0.007495 -0.007412 -0.015186 -0.012449 -0.004964 0.008767 0.000471 0.004471 0.007791 -0.015180 -0.002782 0.000848 -0.002893 -0.002803 -0.003950 
-0.003666 -0.004186 -0.009293 -0.006242 -0.003831 0.001126 0.003984 0.009618 0.007505 0.006084 0.004955 -0.009557 -0.002660 -0.003504 -0.002903 -0.002750 
0.000111 0.001050 0.007737 0.008955 0.011280 0.010635 0.004997 0.003643 0.010635 0.005412 0.005556 -0.007463 -0.013391 -0.005046 -0.001220 -0.000398 
