0.014815 0.012914 -0.002841 -0.006816 -0.026425 -0.009894 -0.017206 -0.010808 0.005362 0.009604 0.040936 -0.007739 0.002008 0.002925 0.001355 0.000062 
0.014682 0.009348 -0.002632 -0.023107 -0.004742 -0.016506 -0.028473 -0.004603 0.009121 0.012945 0.044225 -0.013290 0.001134 -0.001814 0.009183 0.003069 
0.011324 0.008389 -0.012944 -0.014600 -0.004843 -0.033471 -0.009504 -0.007839 0.008552 0.021327 0.036187 -0.016429 0.002495 -0.004734 0.016825 0.006244 
0.005568 0.000319 -0.021339 0.005518 -0.010074 -0.039960 0.001184 -0.015102 0.012966 0.042304 -0.002822 -0.003946 -0.004057 0.009558 0.012005 0.009845 
0.001504 -0.006633 -0.016591 0.003389 -0.013967 -0.033988 0.001521 -0.005671 0.022417 0.016501 -0.008809 -0.000155 0.003045 0.018027 0.006405 0.007347 
-0.002279 -0.013023 -0.000894 0.006630 -0.013577 -0.030264 0.005649 0.007256 0.009130 -0.000536 -0.000298 0.004230 0.014286 0.006441 0.007472 0.003394 
0.002097 -0.018587 0.006444 0.014654 -0.014449 -0.014140 -0.010633 0.005930 0.004396 0.001549 0.005016 0.008873 0.006155 0.008104 0.005668 -0.005621 
0.001867 -0.019444 0.012065 0.014911 -0.006150 -0.021198 -0.004029 -0.001832 0.002671 0.005041 0.006497 0.005539 0.008183 0.007869 -0.005497 -0.001843 
-0.004976 -0.016962 0.021833 -0.003677 0.007991 -0.010787 -0.022252 0.002046 0.002493 0.005533 0.006522 0.007108 0.006576 -0.001429 -0.005396 0.007412 
-0.009794 -0.011831 0.018579 -0.002837 -0.000208 -0.001006 -0.002389 -0.024122 -0.001027 0.012741 0.007179 0.006873 -0.000041 -0.004306 0.003447 0.009486 
-0.007102 -0.005155 0.007767 0.003314 -0.003786 -0.005035 -0.003424 0.003326 -0.015528 -0.010306 0.020503 0.010018 -0.002852 -0.010208 0.013986 0.004732 
-0.001172 0.000348 0.003046 0.002453 -0.003616 -0.007874 -0.006941 -0.003975 0.006373 -0.003300 -0.008299 0.011402 0.004048 -0.008650 0.020047 -0.004446 
0.002468 0.004255 0.003116 0.001244 -0.003592 -0.013829 -0.012938 -0.002466 0.004199 0.007571 0.006443 -0.012640 -0.003366 0.013305 0.011260 -0.006109 
0.004924 0.008845 -0.002155 0.008212 -0.008693 -0.019726 -0.016414 -0.006107 0.005744 0.011812 0.010446 0.005327 -0.040956 0.040812 -0.003670 -0.004184 
0.008717 0.010980 -0.002569 0.004229 -0.010381 -0.025664 -0.014908 -0.004803 -0.000329 0.022201 0.002388 0.008428 -0.028783 0.039039 -0.011011 -0.001951 
0.012753 0.013154 -0.002296 0.000596 -0.018419 -0.023780 -0.010319 -0.007572 0.000598 0.007576 0.029049 -0.001707 0.000437 0.013891 -0.007557 -0.000846 
