0.001398 0.002092 -0.000294 -0.000166 -0.000726 -0.002074 -0.003014 -0.002115 -0.001242 -0.001762 -0.002357 -0.002446 -0.001781 -0.000592 0.000451 0.001081 0.001338 0.001526 0.004202 0.004347 -0.000768 -0.000645 0.000043 0.000253 0.000245 0.000309 0.000521 0.000195 -0.000146 0.000565 0.001574 0.001913 
0.001132 0.002150 -0.000184 -0.000448 -0.001606 -0.002830 -0.002255 -0.000831 -0.001396 -0.002346 -0.003070 -0.002800 -0.001501 -0.000302 0.000654 0.001412 0.001678 0.001609 0.004458 0.004473 -0.000981 -0.000944 0.000055 0.000130 0.000009 -0.000006 0.000714 0.000828 0.000179 0.000668 0.001627 0.001797 
0.000753 0.002206 -0.000219 -0.001132 -0.002391 -0.002647 -0.000686 -0.000741 -0.001880 -0.003136 -0.003732 -0.002334 -0.000971 -0.000157 0.000696 0.001443 0.001831 0.002181 0.005069 0.003909 -0.001462 -0.001118 0.000131 0.000058 -0.000236 -0.000154 0.001034 0.001310 0.000424 0.000834 0.001669 0.001613 
0.000488 0.002153 -0.000667 -0.001819 -0.002809 -0.001262 -0.000030 -0.001146 -0.002485 -0.004242 -0.003323 -0.001115 -0.000843 -0.000482 0.000561 0.001524 0.001994 0.003089 0.005715 0.002534 -0.002039 -0.001034 0.000292 -0.000020 -0.000497 -0.000064 0.001566 0.001571 0.000557 0.001042 0.001652 0.001247 
0.000448 0.001519 -0.001168 -0.002402 -0.002297 0.000174 -0.000329 -0.001454 -0.003565 -0.004759 -0.001372 -0.000557 -0.001473 -0.000829 0.000588 0.001658 0.002474 0.004418 0.005356 0.000574 -0.002323 -0.000645 0.000433 -0.000237 -0.000669 0.000490 0.002161 0.001464 0.000669 0.001260 0.001480 0.000824 
0.000317 0.000487 -0.001562 -0.002751 -0.000843 0.000448 -0.000573 -0.001910 -0.004761 -0.003785 0.000422 -0.001041 -0.002092 -0.000947 0.000808 0.002030 0.003493 0.005245 0.003402 -0.001155 -0.001983 -0.000013 0.000333 -0.000592 -0.000356 0.001543 0.002317 0.001094 0.000847 0.001329 0.001114 0.000590 
-0.000068 -0.000403 -0.002036 -0.002377 0.000428 0.000179 -0.000671 -0.002467 -0.005413 -0.002317 0.001059 -0.001455 -0.002106 -0.000793 0.001097 0.002770 0.004401 0.004247 0.000882 -0.001831 -0.000961 0.000364 -0.000173 -0.000588 0.000790 0.002341 0.001774 0.000838 0.001052 0.001164 0.000779 0.000439 
-0.000368 -0.001089 -0.002561 -0.001188 0.000700 0.000159 -0.000817 -0.002749 -0.005428 -0.001746 0.001135 -0.001235 -0.001561 -0.000316 0.001550 0.003289 0.003838 0.002013 -0.000698 -0.001177 -0.000031 0.000022 -0.000446 0.000437 0.001988 0.002078 0.001093 0.000881 0.001068 0.000877 0.000575 0.000123 
-0.000491 -0.001698 -0.002714 0.000062 0.000493 0.000350 -0.000983 -0.002624 -0.004957 -0.002320 0.001071 -0.000466 -0.000672 0.000397 0.001852 0.002758 0.002104 0.000250 -0.000680 -0.000206 -0.000036 -0.000256 0.000413 0.001665 0.002015 0.001286 0.000864 0.000960 0.000898 0.000650 0.000254 -0.000184 
-0.000642 -0.002159 -0.002195 0.000666 0.000437 0.000576 -0.001107 -0.002288 -0.003942 -0.003207 0.000367 0.000510 0.000229 0.000884 0.001574 0.001542 0.000641 -0.000092 -0.000088 -0.000085 -0.000119 0.000492 0.001430 0.001753 0.001300 0.000900 0.000909 0.000901 0.000710 0.000343 -0.000128 -0.000212 
-0.000929 -0.002424 -0.001257 0.000688 0.000632 0.000872 -0.001148 -0.002077 -0.002794 -0.003132 -0.001056 0.000717 0.000879 0.000987 0.001000 0.000669 0.000275 0.000111 -0.000014 0.000025 0.000555 0.001220 0.001448 0.001188 0.000915 0.000907 0.000922 0.000784 0.000434 -0.000125 -0.000291 -0.000064 
-0.001331 -0.002480 -0.000203 0.000399 0.000869 0.001317 -0.001045 -0.002100 -0.002176 -0.002228 -0.001691 -0.000155 0.000769 0.000890 0.000722 0.000483 0.000285 0.000127 0.000181 0.000583 0.001013 0.001156 0.001019 0.000891 0.000916 0.000971 0.000891 0.000549 -0.000094 -0.000500 -0.000099 0.000026 
-0.001703 -0.002359 0.000755 0.000075 0.000890 0.001921 -0.000669 -0.002203 -0.002191 -0.001672 -0.001338 -0.000736 0.000104 0.000571 0.000619 0.000475 0.000318 0.000337 0.000592 0.000860 0.000935 0.000865 0.000819 0.000895 0.001013 0.001015 0.000705 0.000001 -0.000657 -0.000436 0.000294 -0.000075 
-0.002004 -0.002127 0.001593 -0.000065 0.000472 0.002457 0.000080 -0.002046 -0.002534 -0.001771 -0.001036 -0.000665 -0.000253 0.000169 0.000400 0.000437 0.000460 0.000605 0.000778 0.000823 0.000765 0.000749 0.000851 0.001012 0.001086 0.000853 0.000172 -0.000651 -0.000770 0.000020 0.000588 -0.000384 
-0.002170 -0.001853 0.002244 0.000190 -0.000336 0.002424 0.000967 -0.001323 -0.002468 -0.002431 -0.001328 -0.000501 -0.000250 -0.000004 0.000212 0.000381 0.000554 0.000725 0.000789 0.000755 0.000734 0.000808 0.000954 0.001057 0.000911 0.000359 -0.000457 -0.000903 -0.000369 0.000572 0.000616 -0.000796 
-0.002195 -0.001608 0.002597 0.000901 -0.001001 0.001555 0.001450 -0.000368 -0.001529 -0.002280 -0.002417 -0.001196 -0.000096 0.000067 0.000189 0.000397 0.000594 0.000743 0.000800 0.000787 0.000811 0.000887 0.000941 0.000839 0.000444 -0.000209 -0.000731 -0.000600 0.000225 0.000922 0.000358 -0.001181 
-0.002073 -0.001394 0.002525 0.001725 -0.000927 0.000275 0.001116 0.000236 -0.000598 -0.001066 -0.002037 -0.002571 -0.001436 0.000148 0.000503 0.000449 0.000630 0.000815 0.000881 0.000890 0.000893 0.000865 0.000720 0.000384 -0.000079 -0.000469 -0.000515 -0.000040 0.000731 0.001005 -0.000050 -0.001434 
-0.001791 -0.001174 0.002052 0.002127 -0.000168 -0.000426 0.000265 0.000193 -0.000209 -0.000331 -0.000650 -0.001697 -0.002613 -0.001905 0.000033 0.001046 0.000886 0.000857 0.000990 0.001018 0.000950 0.000768 0.000412 -0.000067 -0.000424 -0.000435 -0.000086 0.000493 0.001055 0.000870 -0.000486 -0.001483 
-0.001412 -0.000902 0.001437 0.001928 0.000524 -0.000334 -0.000286 -0.000211 -0.000307 -0.000314 -0.000186 -0.000329 -0.001178 -0.002347 -0.002320 -0.000411 0.001463 0.001489 0.001107 0.001046 0.000991 0.000787 0.000307 -0.000423 -0.000819 -0.000386 0.000404 0.001010 0.001303 0.000543 -0.000817 -0.001321 
-0.000997 -0.000563 0.000897 0.001418 0.000732 -0.000060 -0.000374 -0.000461 -0.000519 -0.000528 -0.000407 -0.000173 -0.000045 -0.000564 -0.001844 -0.002459 -0.000943 0.001540 0.002042 0.001391 0.001093 0.001001 0.000432 -0.000865 -0.001446 -0.000350 0.000984 0.001563 0.001376 0.000036 -0.000917 -0.000980 
-0.000593 -0.000184 0.000491 0.000940 0.000621 0.000085 -0.000294 -0.000517 -0.000662 -0.000733 -0.000693 -0.000512 -0.000172 0.000214 0.000024 -0.001261 -0.002234 -0.001198 0.001279 0.002254 0.001705 0.001293 0.000530 -0.001133 -0.001858 -0.000315 0.001561 0.002053 0.001091 -0.000433 -0.000771 -0.000587 
-0.000260 0.000180 0.000216 0.000627 0.000478 0.000131 -0.000242 -0.000569 -0.000818 -0.000929 -0.000896 -0.000741 -0.000504 -0.000110 0.000458 0.000539 -0.000683 -0.001642 -0.000916 0.000924 0.001835 0.001449 0.000654 -0.000594 -0.001478 -0.000294 0.001953 0.002147 0.000452 -0.000676 -0.000479 -0.000243 
0.000014 0.000505 0.000098 0.000520 0.000400 0.000104 -0.000278 -0.000697 -0.001054 -0.001228 -0.001142 -0.000842 -0.000504 -0.000278 0.000018 0.000641 0.000913 -0.000136 -0.000783 -0.000345 0.000228 0.000299 0.000377 0.000571 -0.000225 0.000012 0.002191 0.001641 -0.000245 -0.000645 -0.000157 0.000021 
0.000241 0.000799 0.000084 0.000472 0.000282 0.000093 -0.000227 -0.000783 -0.001341 -0.001631 -0.001561 -0.001190 -0.000558 0.000071 0.000212 0.000206 0.000794 0.001185 0.000411 0.000026 -0.000423 -0.001664 -0.001262 0.001285 0.001440 0.000897 0.002248 0.000717 -0.000736 -0.000468 0.000104 0.000217 
0.000460 0.001096 0.000015 0.000239 0.000263 0.000409 -0.000120 -0.001057 -0.001754 -0.002004 -0.001892 -0.001503 -0.000943 -0.000139 0.000832 0.000854 0.000387 0.000961 0.001409 0.000855 0.000159 -0.002352 -0.003736 0.001022 0.003051 0.002159 0.002015 -0.000260 -0.000979 -0.000255 0.000306 0.000383 
0.000736 0.001324 -0.000295 0.000056 0.000645 0.000692 -0.000332 -0.001419 -0.002095 -0.002368 -0.002168 -0.001627 -0.001007 -0.000471 0.000308 0.001638 0.001396 0.000494 0.001153 0.001505 0.000895 -0.001441 -0.005481 -0.000415 0.004330 0.003464 0.001480 -0.001072 -0.001064 -0.000069 0.000474 0.000565 
0.001038 0.001355 -0.000601 0.000116 0.000930 0.000606 -0.000614 -0.001645 -0.002419 -0.002706 -0.002370 -0.001649 -0.000956 -0.000452 -0.000050 0.000844 0.002537 0.001465 0.000518 0.001250 0.001323 -0.000181 -0.005076 -0.002305 0.004704 0.004369 0.000847 -0.001598 -0.001055 0.000105 0.000645 0.000791 
0.001329 0.001230 -0.000603 0.000148 0.000801 0.000325 -0.000720 -0.001832 -0.002767 -0.002990 -0.002382 -0.001513 -0.000856 -0.000446 -0.000107 0.000295 0.001770 0.003264 0.000889 0.000518 0.001104 0.000536 -0.003078 -0.003274 0.003999 0.004459 0.000338 -0.001844 -0.000990 0.000269 0.000840 0.001067 
0.001553 0.001113 -0.000304 -0.000019 0.000444 0.000114 -0.000840 -0.002155 -0.003142 -0.003009 -0.002142 -0.001314 -0.000843 -0.000513 -0.000159 0.000208 0.000886 0.003329 0.002753 0.000098 0.000479 0.000598 -0.001113 -0.002593 0.002625 0.003814 0.000064 -0.001864 -0.000900 0.000414 0.001055 0.001362 
0.001705 0.001263 -0.000057 -0.000204 0.000145 -0.000081 -0.001185 -0.002686 -0.003284 -0.002684 -0.001730 -0.001240 -0.000993 -0.000647 -0.000180 0.000281 0.000669 0.002364 0.004397 0.000652 -0.000153 0.000275 -0.000103 -0.001045 0.001325 0.002752 0.000048 -0.001629 -0.000805 0.000511 0.001262 0.001617 
0.001739 0.001603 -0.000155 -0.000243 0.000018 -0.000456 -0.001885 -0.003112 -0.002982 -0.001997 -0.001513 -0.001481 -0.001284 -0.000775 -0.000103 0.000474 0.000804 0.001661 0.004758 0.002087 -0.000590 -0.000043 0.000158 0.000008 0.000721 0.001628 0.000206 -0.001136 -0.000681 0.000535 0.001407 0.001803 
0.001637 0.001914 -0.000290 -0.000211 -0.000173 -0.001177 -0.002643 -0.003044 -0.002084 -0.001532 -0.001798 -0.001935 -0.001581 -0.000813 0.000106 0.000770 0.001070 0.001455 0.004453 0.003479 -0.000763 -0.000332 0.000112 0.000309 0.000466 0.000810 0.000365 -0.000488 -0.000458 0.000533 0.001513 0.001910 
