0.144564 0.318872 0.550225 0.811083 0.906882 0.954971 1.004027 0.938740 0.783539 0.607602 0.394029 0.275501 0.202478 0.156873 0.073100 0.064705 
0.213957 0.388743 0.620660 0.746087 0.785308 0.900677 0.897069 0.754833 0.560196 0.379689 0.274230 0.235791 0.219008 0.173703 0.093835 0.100117 
0.220895 0.394383 0.520157 0.492188 0.548474 0.529875 0.376860 0.265728 0.131276 0.014955 0.079912 0.106920 0.115980 0.068431 0.032908 0.078346 
0.184995 0.306117 0.260915 0.184211 0.125983 -0.108883 -0.237039 -0.342947 -0.449543 -0.320190 -0.115244 -0.054074 -0.057062 -0.112084 -0.072913 0.034366 
0.117581 0.124964 -0.028093 -0.179785 -0.367661 -0.613476 -0.842959 -0.960208 -0.803841 -0.430782 -0.297277 -0.258761 -0.334234 -0.273465 -0.156512 -0.006956 
0.014781 -0.081389 -0.286143 -0.509411 -0.746224 -0.863926 -1.011314 -0.965218 -0.697697 -0.554578 -0.537230 -0.589368 -0.508185 -0.350774 -0.187159 -0.037313 
-0.084017 -0.243005 -0.470411 -0.722793 -0.940127 -1.025638 -0.943542 -0.847976 -0.789263 -0.785888 -0.789778 -0.680162 -0.515561 -0.350133 -0.164943 -0.066780 
-0.151372 -0.333766 -0.531833 -0.781559 -0.938052 -1.017790 -1.010743 -0.934145 -0.877180 -0.823818 -0.713976 -0.578476 -0.429190 -0.231078 -0.085967 -0.089310 
-0.189256 -0.358227 -0.507517 -0.654743 -0.869738 -0.885811 -0.795029 -0.743432 -0.671244 -0.582680 -0.475216 -0.334074 -0.147651 -0.012666 -0.037732 -0.102769 
-0.225501 -0.333535 -0.459515 -0.499211 -0.614157 -0.791817 -0.730777 -0.454043 -0.318278 -0.221996 -0.115201 0.013697 0.109148 0.067905 -0.048455 -0.123715 
-0.288556 -0.334548 -0.337609 -0.348223 -0.325802 -0.340604 -0.470385 -0.497464 -0.177201 0.006384 0.036839 0.058004 0.099794 0.027075 -0.090908 -0.172731 
-0.361443 -0.410511 -0.371529 -0.305494 -0.204927 -0.092028 -0.017146 -0.078546 -0.228789 -0.048480 0.160068 0.175581 0.062909 -0.063313 -0.142989 -0.238366 
-0.375798 -0.430457 -0.391076 -0.280658 -0.090735 0.127525 0.267249 0.279766 0.203318 0.000814 0.008910 0.168798 0.029711 -0.131245 -0.173048 -0.270072 
-0.305749 -0.309364 -0.251499 -0.110980 0.133806 0.385623 0.562774 0.622643 0.496639 0.351599 0.130610 0.046270 -0.021663 -0.137268 -0.164409 -0.236845 
-0.166326 -0.095075 0.061534 0.281987 0.516924 0.697207 0.782195 0.809596 0.758952 0.524603 0.315336 0.011803 -0.085861 -0.097757 -0.107673 -0.147979 
0.004715 0.150268 0.375206 0.630754 0.833523 0.897550 0.922235 0.906131 0.832593 0.636243 0.397458 0.156007 0.013839 0.019265 -0.013682 -0.031229 
