  -1.1202364351463326e-01  -1.2106415878486651e-01  -4.6962986495971693e-02  -5.4228044530868637e-02  -2.3699936986923166e-02   6.1680833312988265e-02   1.1586250833892842e-01   1.3070355690383922e-01   9.2980537296295254e-02   3.8095483514785831e-02   1.8135091886520419e-02   1.9461128664016746e-02   4.3260241193771365e-02   2.0860636373519904e-02  -4.6888699825286893e-02  -7.9523595258712873e-02
  -8.2501414152145514e-02  -4.2819934768676710e-02  -9.1599062385558927e-03  -1.0308698272705100e-02   5.9088526473999085e-02   8.6131098745346094e-02   9.3954318994522223e-02   8.9885686965942457e-02   1.4812134370803847e-02  -2.5088660869598399e-02  -8.3481578788757449e-03   1.3976597723007208e-02   2.9767108161926299e-02  -4.5351483974456876e-03  -6.7920702825546325e-02  -8.4378236093521200e-02
  -1.9428956836700498e-02   4.3559494844436705e-02   4.9577427768707341e-02   8.9836320844650347e-02   1.3250416471481336e-01   9.2441589784622247e-02   6.7613438163757394e-02  -5.8374352226257479e-03  -1.1500344216918951e-01  -7.6966730825424268e-02  -2.2342593862533584e-02   1.9387725505828866e-02  -2.4015027866363470e-03  -4.8490588956832933e-02  -9.1463728431701752e-02  -7.8130711091995278e-02
   4.7607569530487073e-02   1.0672280853843699e-01   1.1873722911834726e-01   1.4882997354698202e-01   1.5697662296676645e-01   1.1074790748977674e-01  -5.6957488822937073e-03  -1.5465843267822288e-01  -1.6158017182922374e-01  -6.1657992073059151e-02   1.5574739456147325e-05  -3.0116197738646964e-03  -6.1495773008346626e-02  -9.1894196275711118e-02  -9.6301471450805753e-02  -4.9484225698471121e-02
   9.3966648265838698e-02   1.5200419966316236e-01   1.6175797079086324e-01   1.3833690365791335e-01   9.6667309089660758e-02   4.4399971742630030e-02  -8.6668942350387648e-02  -1.4461119189453134e-01  -7.2698547863006668e-02  -1.1989561546325654e-02  -1.6804990633010844e-02  -7.8534569692611744e-02  -1.0945661062431347e-01  -1.1214070143699653e-01  -7.3335232654571605e-02  -6.8387586212158291e-03
   1.1480086962127693e-01   1.7287688059043904e-01   1.6822301114654548e-01   1.1911079981040965e-01   2.0119219995498708e-02  -3.9792188211441162e-02  -6.6369127243042017e-02  -4.7307244825363179e-02  -1.9471546634674076e-02  -3.6549777513504113e-02  -8.7696266855239929e-02  -1.1659811913490302e-01  -1.2664830543327343e-01  -1.0239763955688483e-01  -2.9672721033096348e-02   3.1035159420013451e-02
   1.1275147267150890e-01   1.5756350577926648e-01   1.5539097706794741e-01   9.2696196180343721e-02   2.0545068820953433e-02  -3.7888598352432197e-02  -5.0823522197723479e-02  -4.1877014114379954e-02  -5.2584087614059381e-02  -8.3479475393295352e-02  -1.0651815286254891e-01  -1.2463474268150343e-01  -1.1832960450744640e-01  -5.0841571260452315e-02   1.7624916847229010e-02   5.5955101900100737e-02
   9.5492701337814373e-02   1.0819285470962534e-01   1.2869243805503849e-01   9.2369896863937484e-02  -7.9413954696655291e-03  -5.6408003526687601e-02  -6.0316274509430015e-02  -6.1341574535369953e-02  -7.2072403327941861e-02  -9.0614161781311098e-02  -1.1231027114677436e-01  -1.0882332118797315e-01  -4.5207990642547644e-02   2.4553290021896382e-02   4.9246745767593435e-02   6.5555652767181449e-02
   6.3059732925415071e-02   6.4908487926483210e-02   6.0642964906692583e-02   8.8544865060806235e-02   3.6292439517974923e-02  -8.6676709079742453e-02  -1.2876766337013260e-01  -9.5047237466812207e-02  -7.6236879825592130e-02  -7.9730601238250792e-02  -8.1887888240814277e-02  -3.5587136526107815e-02   4.2573796207428016e-02   6.5256627952575752e-02   6.3443268301010186e-02   6.2674098899841379e-02
   1.5411245296478266e-02   1.2973725086212178e-02  -2.4264213695526201e-03   4.7029126529694008e-03   3.2999532346725424e-02   2.0778522844314615e-02  -8.8035588012695398e-02  -1.4708579517936721e-01  -8.8553305633544993e-02  -4.0450124725341832e-02  -2.4727826196670553e-02   1.3059677240371716e-02   7.0829846857070985e-02   7.0257752618789734e-02   7.3128228895187455e-02   5.6839605442047116e-02
  -2.0745801734923784e-03  -3.2628132724762011e-02  -5.8047154491424613e-02  -7.5589836206436237e-02  -5.9085088832855258e-02  -4.0984423942566194e-03   4.0678202817916918e-02  -2.2955180126190206e-02  -1.0269413283348093e-01  -6.8010224567413374e-02   1.6363981067657497e-02   7.4893607290267991e-02   7.7976603002548300e-02   6.2400366979599046e-02   7.9825808494567940e-02   5.6149461666107160e-02
  -4.8889464950561236e-03  -5.3286925809860275e-02  -1.0549697268676766e-01  -1.4287732351684584e-01  -1.2615630364227304e-01  -5.6200180166244576e-02   2.7561147808075066e-02   8.4231238435745301e-02   4.7504354022979790e-02  -4.0764428691864044e-02   3.1651476860046529e-03   1.0589203430938730e-01   7.0865106817245546e-02   5.2855188568115288e-02   7.2951597366333026e-02   4.9346172279357892e-02
  -2.6500969675064101e-02  -7.6749534227371283e-02  -1.3995061861228955e-01  -1.7418287099647536e-01  -1.4784934805679328e-01  -7.7892986982345674e-02   1.8295465932846137e-02   9.8564869054794405e-02   1.2692948252487193e-01   1.0414638174057018e-01   4.8158292905807538e-02   8.1935551851272659e-02   4.5908394578933753e-02   3.9554198249816916e-02   5.1135848144531280e-02   2.7244770397186320e-02
  -6.8845119733810481e-02  -1.3299192684936537e-01  -1.6404045509338394e-01  -1.5367903971481339e-01  -1.0114169392585763e-01  -4.5603524732589718e-02   1.1873442893981973e-02   1.0356341303443924e-01   1.5647317943000805e-01   1.7362090603828445e-01   1.3710035478401197e-01   5.1045035581588794e-02   1.5710956933975229e-02   2.2478969661712665e-02   2.2504091352462806e-02  -6.1637630233764736e-03
  -1.0659540036582957e-01  -1.7139288641548170e-01  -1.6664360689735419e-01  -1.0429198937416093e-01  -4.5938474639892590e-02  -1.0115175559997556e-02   3.7180041248321673e-02   9.6805235548019383e-02   1.6653694212341338e-01   1.6373003719711315e-01   1.4557654472732556e-01   4.3941671466827439e-02   1.9519978502273577e-02   1.9677903339386005e-02  -4.2595654373168961e-03  -3.9742411037445094e-02
  -1.1864435648727427e-01  -1.7497875364112864e-01  -1.3326075588607805e-01  -6.0849137289047305e-02  -3.8794522151946967e-02   9.1198332347868609e-03   7.8734641883850237e-02   1.1854750669288641e-01   1.4556321985816975e-01   1.1960915393066418e-01   8.2217309484481860e-02   3.9659390176773113e-02   4.4942872837066696e-02   2.9472551994323755e-02  -2.3985573047637959e-02  -6.2933959905624448e-02
