   4.0297695875160869e-04  -3.9448353986738845e-03  -8.8125302624702338e-03  -1.6127084732064662e-04  -7.8103084998130765e-03  -6.6328457021718086e-04   1.5498496704101786e-03  -1.1097714509964067e-03   8.7163993206024245e-03   8.0382613101006011e-03   1.4049263653754878e-03   1.0455562534332984e-03  -3.5087359247207607e-03  -3.6578551244731590e-04   2.8333965802192968e-03   5.2879482464790201e-03
   5.4336194491385551e-03  -7.3748060135842251e-03  -1.1235258626937756e-03   6.6607759709359279e-03  -5.4306788187027215e-03   1.8336385936737754e-03  -2.3377960128784215e-03  -2.6186320924758638e-03   1.4510374497413651e-02  -3.1444125247002074e-03  -2.8417474842071739e-03  -4.4228978953361657e-03  -1.3183708276748442e-03  -8.7242348289489745e-04   2.6472748551368765e-03   1.1707815480232059e-03
   4.9370600347519488e-03  -6.3039617915153041e-03   5.8276043119431112e-03   5.7789459409713848e-03  -3.1020728201865723e-03   1.5579675316810117e-03   1.7042789988517652e-03   9.2355119323734485e-04   3.4718562407494678e-03  -1.2169611754417369e-02  -3.7294421563147774e-03  -3.5389382061958427e-03   4.1420832729339909e-03  -6.7335155248641446e-04   2.0622384085655357e-03  -6.3610499415397469e-03
   1.1090337185859756e-03  -1.1915851659774872e-03   3.5627190761565678e-03   2.4180192551612797e-03   7.6229377589226511e-03  -3.6366580677034931e-04  -7.3589452929496832e-03  -2.6442331500053512e-03  -4.5081018242836730e-03  -2.7380670304298724e-03   6.3315293598177787e-04   1.6315387344359661e-03  -1.9532710504536512e-04   3.1666674184801418e-04   2.0525644187927052e-03  -1.1427982553958865e-02
   6.4914191675185910e-04  -7.2961631774902044e-04   1.4164753866199864e-04  -7.4270876965523581e-03  -4.6318707766532970e-03  -1.1980993986606649e-02   3.2830545611381963e-03   1.3535181115150428e-02   6.8502515802383347e-03   3.3416677975654403e-03  -3.1867635769844433e-03  -2.1955579352377543e-03  -3.4557337808604387e-04   2.4643410773277311e-03   4.8118135786060076e-04  -1.2536312459945747e-02
   1.4774742937088338e-03   5.9143167495723757e-04  -3.8064978365898831e-03  -2.3328327407836705e-03   2.6911533155441962e-03  -4.3615415668479471e-04   5.6112850561141556e-03   5.3024797735214966e-03  -1.2153763699531634e-03  -5.3176098928451009e-03  -1.9810840768814545e-03   5.5740468597413606e-04   1.7947135920524477e-03  -1.3167558288574212e-03  -3.5129454851150991e-04  -1.1156274310111965e-02
  -1.4935726113319324e-03   5.4957031297683916e-03  -6.2118238806724759e-03  -7.1665191173553942e-03   4.9860030083656451e-03   1.1730218252181962e-02   4.8309441680908271e-03  -2.6084147257804725e-03  -4.2726754932403254e-03  -9.0336721229557172e-04   1.2771892070769257e-04  -1.0720577888489102e-03  -1.7024611520767077e-03  -3.7688991560936025e-03   3.7037714171409596e-03  -8.4886388649940692e-03
  -1.0746715192794781e-03   3.4763184556960876e-03   1.2775644345283180e-03  -2.4706951003074934e-03  -9.0499590444565233e-03  -2.2591333699226186e-03   6.5817151145935466e-03   2.1945171728134098e-03  -1.1344135274887019e-03  -3.4872499027252131e-03  -1.6052163758277921e-03   3.3899312620162964e-03   8.7013532161712287e-04   3.0179183959959215e-05   4.9038950119018720e-03  -5.0384772815704219e-03
   1.1936321229934839e-03   8.3004639434821345e-04   3.2233121800423013e-03   4.3118824815750224e-04   6.4682910375594808e-03  -3.5507697873115164e-03  -1.3999280085563726e-02  -1.1547300319671716e-03  -5.9958516359327491e-04  -1.7679482779502801e-03   5.2167291584014923e-03   7.4142034678459211e-03  -3.1745423321723866e-03   1.6682147636413584e-03   1.2614577198028494e-03  -7.5948557138442226e-04
  -2.7662723975181869e-03  -4.2175352277755897e-03   1.0471440229415630e-03   1.7046438784599461e-03   1.3269403157234617e-03   7.8526050529479693e-03   8.4576991915703229e-03  -8.6027375278473171e-03  -5.1025025653839290e-03   8.2636161327362071e-03   3.0240368018150370e-03  -3.5279017486572208e-03  -5.8599198718071116e-03   4.4294922914505167e-03  -2.2465338268279835e-03   3.1063942956924551e-03
  -4.0812172412878125e-05   3.8774467945112880e-05  -1.4174772334098842e-03   2.8056975793838376e-03   2.7010725116729589e-03  -3.5259379839897922e-03  -3.6484629578590715e-03   7.3592931594848743e-03  -5.1497264003753495e-04  -8.1902362556457598e-03   1.5597787761688481e-03  -3.4391422724723824e-03   3.1228535313606240e-03   4.9848075962066691e-03  -2.6639048171043277e-03   5.2274182939529550e-03
   3.6992277145399743e-05   1.2680085644721946e-03   2.2537430019378959e-03   1.1316341986655869e-03  -2.3457745742797645e-03  -1.7006463913916956e-03  -1.9064097990989641e-03  -6.3732147331237912e-03   2.5327640271187064e-03   6.8161537561416581e-03   5.5234181556701768e-03  -1.6076046719551106e-02   7.3677318840026694e-03   2.9969487791061647e-03  -2.5781417317390603e-03   5.1778486762046987e-03
   1.1582220077518274e-05   7.8276339149473649e-04   1.5848176345825637e-03   1.4605587615966805e-03  -2.4335191159247710e-03  -2.8911451940536828e-03  -2.4323976325984955e-04  -4.1259058389663912e-03  -5.2710670518874752e-04   8.9949774742124206e-04   8.9898847212791459e-03  -6.1086898641586384e-03   5.4603771362304841e-03  -6.2689241027830698e-04  -3.3727981772422666e-03   6.6886107892990231e-03
  -4.7311503415107970e-03  -1.0135472726820367e-04   2.6420740289688164e-03   1.1487692241668370e-03   7.4535360860817062e-04   2.9372344789505510e-03   6.4437430572510286e-04  -1.4790066342353931e-03  -4.0341326594353216e-03   5.2615520696640177e-03  -2.6421541767120138e-03   8.6638008356094039e-03  -1.5465186057090942e-03  -3.9841028776168887e-03  -4.6521413221359501e-03   8.3722625041008011e-03
  -3.6153611130714169e-03   2.8287856159209934e-03   2.0721771593093432e-03  -2.2230787916182413e-03   4.5803290200232801e-03   2.3840086007117563e-03  -2.7649471592902835e-03   7.0096852445614491e-04  -9.0361994986533530e-03   4.0673288846015676e-03  -6.9217529435157583e-03   1.2082290523052274e-02  -8.8796351814267316e-04  -2.2484742593765145e-03  -3.1773536911010414e-03   9.5974046196937689e-03
  -9.5649988222118541e-04   1.0035713733673117e-02   9.6870663204194525e-03  -2.2827244353293757e-03   3.1359692416190093e-03   5.6206374807357233e-03   3.4860372972488219e-03   2.3520560784339849e-03  -9.0045341343879728e-03  -7.7478179359435680e-03  -9.2774299812316899e-03   2.1545184941292013e-03  -2.2447765789032205e-03  -2.2819001994132558e-03  -3.2310005416870120e-03   5.5701630868911778e-03
