   3.7903884244441952e-02  -4.7236763741016499e-02  -3.3447835451602889e-02  -5.3394629019260474e-02  -6.3854324727058542e-02  -2.0621857902526922e-02   2.2011463740825687e-02   5.0366564361572309e-02   8.8690963821888139e-02  -1.1675125494956940e-02  -8.8756020069120402e-04   5.3630364990238898e-04   2.0120472480297136e-02   1.6195854207515757e-02   3.5642876735687314e-02  -1.5091788448572174e-01
   2.1241798856735244e-02  -3.5607573517799550e-02  -2.4719071475982644e-02  -7.6164263533592236e-02  -4.5571103137970026e-02  -2.0604284961700473e-02   2.4926403000354778e-02   7.1484073524475167e-02   7.1364575757503670e-02  -2.1576891988754204e-02  -1.4599726099966998e-03   2.1542471799850119e-03   3.2723261652469686e-02   2.3034149848938007e-02   2.9126930024147062e-02  -1.6307061010408413e-01
   5.7027971496581781e-03  -1.0175290858745672e-02  -3.4443660115242164e-02  -8.3361718449592781e-02  -1.9354958693027523e-02  -2.6198743427276683e-02   3.6928156754970617e-02   8.4826663779258807e-02   2.3239090139865914e-02  -1.6303957530498465e-02  -1.5408819231986150e-03   2.1364125588893966e-02   3.4813913867950422e-02   2.4860085028171577e-02   1.8096871531009681e-02  -1.6180930532503146e-01
   2.9044989304541882e-03   3.8331471204757529e-03  -4.1322582374572883e-02  -7.7494297252178310e-02  -6.3362322020531006e-03  -9.4523803372383620e-03   4.5712784869194112e-02   5.0010287568569289e-02  -5.3136473193168849e-03  -3.2464614109992728e-03   1.2991095286369377e-02   3.5832457319736520e-02   2.6152742909908329e-02   1.9791060177326226e-02   5.7579534282684516e-03  -1.4106674265766156e-01
   7.4395804142951636e-03   1.2129535379409796e-02  -3.6669259669780879e-02  -6.8116278035640715e-02  -7.4865337209701604e-03   1.3322020093440991e-02   2.9177763152122522e-02   1.3006693574428598e-02  -5.6835070610020632e-05   1.1528546348571828e-02   2.8392645719051396e-02   2.7530754962444396e-02   2.0284941370487256e-02   8.4354160490036079e-03  -3.1701020078659129e-03  -1.0757947299957288e-01
   1.0056025581359821e-02   2.1913879310131088e-02  -2.7577491276741126e-02  -5.2313848016738912e-02  -2.0573234743595126e-02   1.0780787776947000e-02   1.4601396389961255e-02   8.1063105244636776e-03   1.1556157704353375e-02   2.1090527739524852e-02   2.3941459425449414e-02   2.2632089282035844e-02   1.1192415901184105e-02  -4.4114106965065106e-03  -3.6231435356140498e-03  -7.2537229602336967e-02
   1.3510808080673207e-02   2.2214895633697503e-02  -9.3093316845894829e-03  -4.8191233903884897e-02  -2.6755720119953166e-02  -1.2921765604019236e-03   8.9671375684738201e-03   1.3077764253139515e-02   1.7974234700679798e-02   1.9574286344051402e-02   2.1853514444828075e-02   1.6489338516235380e-02  -4.9980928497314458e-03  -2.5218196711540332e-03  -3.9697780179977485e-03  -4.2433134285926891e-02
   2.1821873575687406e-02   7.8610672225951951e-03   7.3002830796241262e-03  -3.1024666963100470e-02  -3.8098537935257012e-02  -1.5315625368118316e-02   7.0861297574043268e-03   1.6867465727329268e-02   2.0352564106941227e-02   2.0159467510223440e-02   1.5882107267379798e-02   1.0875871171951330e-03  -6.9415798540115410e-03   1.1163375075817116e-02  -1.1794591597557077e-02  -2.1168718014717147e-02
   2.4369321870803838e-02   4.1512203950881720e-03  -6.2531905174346286e-06  -1.0891343459606182e-02  -2.2636530190944720e-02  -3.2466687518119888e-02  -1.1925424555301690e-02   1.8900882666587848e-02   2.6421357424259204e-02   2.1501583291530631e-02   3.6585140576362897e-03  -1.0296562474727640e-02   9.3819083089828562e-03   1.7704607614040385e-02  -1.9173449031829853e-02  -1.2654685631275212e-02
   1.9473548123836521e-02   8.2019546489715423e-03  -8.1107757620811835e-03  -1.3888217722415946e-02  -1.2418173171997098e-02  -1.2737793403148725e-02  -2.2620699205398609e-02  -7.3397577614784451e-03   2.8118048949718505e-02   2.8344404034614586e-02  -2.1130661010741866e-03  -1.6801046968460104e-02   2.8632498553752921e-02   1.2857730249404918e-02  -1.6814328869342827e-02  -1.7177461750030550e-02
   1.9464161375522631e-02   6.7324074087143004e-03  -1.0114979594707503e-02  -2.3527748482227370e-02  -2.1693253654480025e-02  -7.4615494642257798e-03   2.0257287149429001e-03  -6.8335335192680384e-03   4.5410061116218587e-03   1.6042520492553725e-02   1.5810772991180595e-03  -2.3608489208221490e-03   3.5869952390193999e-02   3.2083762311935671e-04  -6.6119080357551711e-03  -2.7120744381904628e-02
   2.4442266872882860e-02   6.8500485463142266e-03  -1.3462554500102954e-02  -3.7843673561096171e-02  -3.5006586936950725e-02  -1.1514798600673691e-02   1.1428180282592753e-02   1.7332288447380086e-02   1.2724147334575664e-02  -1.4059465104103098e-02  -1.7468179098606124e-02   4.0075056526660956e-02   2.5910037223815945e-02  -9.5514852228164582e-03   4.0458049178123583e-03  -3.7102240542888673e-02
   2.8654692902565025e-02   1.1118950224399573e-02  -2.1332863417148611e-02  -5.3755271682262469e-02  -4.5124639153480708e-02  -1.6899651798248278e-02   1.3291728131771079e-02   3.3273799331665077e-02   2.5239775373458884e-02  -4.7535700297355512e-03  -5.1027924255847963e-02   7.2522708698272764e-02   8.8763373060226428e-03  -1.1978207446098331e-02   1.3527259975433350e-02  -4.9976408578872714e-02
   3.4235709778308927e-02   6.5060465793609513e-03  -3.2215268041134011e-02  -6.5101329710483560e-02  -4.4744087850570748e-02  -1.7911178323268880e-02   4.1889146966934028e-03   4.4451210107326569e-02   3.4178128746032765e-02   7.2275147004128293e-03  -3.9484967511653903e-02   6.3004799178600426e-02  -4.3035007948875464e-03  -9.0070454530715854e-03   2.3890388473033933e-02  -7.0063153976917328e-02
   3.9344276455879235e-02  -5.8838109817504654e-03  -4.7930403007030636e-02  -6.1954038160324090e-02  -4.0144025211811082e-02  -2.2069636481285116e-02   2.8959072146415559e-03   3.7772699488163045e-02   6.1067936130523755e-02   2.5018343091011688e-03  -7.2948790884017943e-03   3.2608555018425037e-02  -5.9035806088447666e-03  -3.3805722312927246e-03   3.2965511697769227e-02  -9.6659431315422151e-02
   4.2775607349395652e-02  -2.3587442862033868e-02  -5.7271516506672074e-02  -4.6703845367908760e-02  -4.7759866167068440e-02  -2.7384054563999199e-02   1.0718418744564064e-02   3.7041595738887788e-02   8.0905856928348618e-02  -1.5587493443488020e-03   2.1409523482323061e-03   1.2694666282653783e-02   2.8415533924102850e-03   3.9212915468216075e-03   3.7084178433895151e-02  -1.2268632517576228e-01
